,Unnamed: 0,E0,E1,E2,E3,E4,E5,E6,E7,E8,E9,E10,E11,E12,E13,E14,E15,E16,E17,E18,E19,E20,E21,B3,B4,B8,S0,S1,S2,S3,S4,S5,S6,S7,S8,S9,flux_0,flux_1,flux_2,flux_3,flux_4,flux_5,flux_6,flux_7,flux_8,flux_9,flux_10,flux_11,flux_12,flux_13,flux_14,flux_15,flux_16,flux_17,flux_18,flux_19,flux_20,flux_21
0,0.0,1.174786416619472,1.0421777144105873,0.9396445415283086,1.1553947594652634,1.145599449061744,0.9317282523255976,1.0032454442758607,1.039520258754662,1.067980868398879,1.1470062687828273,1.0005694349188448,1.0421536173835197,0.9315947157745044,1.0971429923795615,1.083450910616342,1.026181191171703,1.1867779552012307,0.9274306941027699,0.8810973229755188,1.0089939569412605,0.9825606526084307,1.1002116271518532,0.0,9.99071036626527e-07,0.0,0.2396171879879253,1.0854043996160476,0.9572522114145035,0.026356328735931158,1.0391296637415015,0.2795158447836394,0.38777957597683016,0.3070173449160673,0.18862993216956847,0.8280277885175199,-0.17301500190851507,-0.06065087937690515,-0.0470511134284887,-0.1210593119167693,-0.16917187491680777,-0.049068911934409855,-0.03399818457110166,-0.058015894315160584,-0.01484148761225651,-0.015937116409845974,0.03995412493928278,-0.07578881769404681,0.17339768828682936,-0.02976408531027601,0.007790084234431618,-0.01886696833460949,0.15178728231038582,0.04012112280218875,0.003292501120246416,0.02653370615486578,0.003577205181916173,0.08411204167126611
1,0.9999447306071243,1.0173510603171567,0.8317430545523535,1.0318740884499311,0.9806145365755163,1.126077930400584,1.1393469390377573,1.0811654636879713,0.9755166800202864,0.9809707392989135,0.9985005055029259,0.8660582530167705,0.9517967220872593,1.0438205913390157,1.0950104129997795,0.8736267991984505,0.8546265288194593,0.8773859041250435,0.919747053912081,1.0250572576049615,1.0947565966394652,0.9664044488972361,0.9113877743796945,0.0,8.877051345304643e-07,0.0,0.8552457243442854,1.212878637401546,0.39955104551573306,0.2503202020391994,0.3065422461549958,1.0471594223248406,0.18870955912370999,0.965700588907548,0.029161489378268318,0.35752441229353804,-0.1529909329773096,-0.05791479836706257,-0.03559255407215216,-0.10799758465236843,-0.16238779904266523,-0.04575861364310458,-0.036680734432932134,-0.06380935637667043,-0.012682169434752952,-0.01852105704833678,0.047838128360777,-0.07241147989760048,0.17500922433548985,-0.03546029512776337,0.013633789098827167,-0.01935289131786319,0.12566864735277833,0.03787211872889077,0.003921643619870318,0.028155653550333382,0.0037023169053876353,0.0877386748464063
2,1.9008050518651298,1.17767100426713,0.9265354319343279,1.0925932156623517,0.8770775687428144,0.9836925803543533,1.162734316646875,1.0351712720859882,0.9781213194185359,0.9468013982337422,0.9069170542499251,1.0728952945609498,1.0089265533409806,0.8572980206253795,0.9355815970660254,0.9394906623129928,1.1636378405184171,1.0033122188617594,0.9727552814252909,0.9420733110198874,0.9876522947813675,1.0070832789669768,1.0150870076414067,0.0,1.0012501015601086e-06,0.0,1.0501497075052868,1.0502037403199094,0.3161500379745379,0.23839982537779905,0.2916113766782816,0.9343504769178753,0.19736904405152267,0.9249195494931206,0.024318100646074453,0.33945317686126086,-0.17984838840555084,-0.05697814295025313,-0.04638138074027203,-0.1493974575761624,-0.17779936960524026,-0.04898308406917227,-0.033700974387954684,-0.06762788598438697,-0.01235308624523129,-0.01743751484534094,0.03956759729285929,-0.09061770699601233,0.16437875441911165,-0.027417210117075007,0.0019675367439468835,-0.021874870581889604,0.15844043671951616,0.04031431050159901,0.0037843877397113136,0.02584633966586035,0.00346211257291022,0.09246474654810857
3,3.0759501004682086,1.1629707907080986,0.9398188662013675,0.9043837932564658,0.8645417718488015,0.9999211693464647,1.0339324540905328,1.0729246479901096,1.1329382125254364,1.0411889679638853,0.9490341669501805,1.1302280802419677,1.0266939766053205,0.9105882355496786,1.0131753674389707,1.0442766604159366,0.9879487328906567,0.944274087495075,0.9859820130898811,1.012584650860208,1.0102660263857313,0.9396448508271384,1.1008544507297113,0.0,1.0108963467528575e-06,0.0,0.9569615890978727,1.1301513862154695,0.34138376729622055,0.241727880942804,0.29905330406814956,1.0373017912155582,0.18654383053903104,0.8505128963290203,0.025207012382305563,0.3217281965435705,-0.14098445745403893,-0.04892227093125468,-0.04007252393861201,-0.11144265376411194,-0.17778546278483087,-0.046828390434001714,-0.02989854503526474,-0.0611585138242342,-0.013958467801089695,-0.016464571739913173,0.041908574773004706,-0.08433216657811062,0.15856379457652464,-0.031966946283376395,0.007467479049390546,-0.02129582304003723,0.1354133946745088,0.046483433211174666,0.004083125077980518,0.024060798198030937,0.003104853889374084,0.08729371482594682
4,4.322882352392242,0.9274014799261056,1.2227064810204769,1.0427344472547513,0.9223693988848056,0.8478097281849382,1.1114845445807933,0.9080256641170534,0.9108524588137402,0.8741540347561142,0.965756894171042,0.8982241141466303,0.9392576028117675,0.990974614409665,1.031393314765416,0.987591777236608,0.9914065745864897,0.9115814532284806,0.9463192413280801,0.9774979534339099,1.1721979236674733,0.8712932914974952,0.9825047511560893,0.0,1.0307780367199394e-06,0.0,0.8992771514248146,1.0156588759235403,0.3867218234447464,0.23499932712280863,0.29471377714136043,1.1780545164889755,0.18254450961377777,0.9130165957645732,0.025719462401871302,0.3554882511070298,-0.157955493760883,-0.06276386740600058,-0.0378656610970031,-0.14436410790873028,-0.17347594661321228,-0.04752884029491874,-0.03484141301661542,-0.059296330897217066,-0.014066974341926445,-0.01664296008948303,0.041432851251796514,-0.08696471646137689,0.17884084394952351,-0.031335357746484056,0.007244816811992927,-0.017711022016617145,0.15287593362182522,0.035696604222894564,0.003126596526225411,0.02408607913678264,0.00386415890610344,0.08286251350688359
5,4.767302771921098,1.0361915631889191,0.9698136695989225,0.9790533717896918,0.947083566780784,0.8917302841048653,1.1127572188278514,1.080434540047763,0.8793095323414344,1.0776921996761484,1.187414405225061,1.0087622432638976,0.9380075993140887,1.1517302156285103,0.8710258178627199,1.0850667066427169,1.1690934096954726,0.8956286714825573,0.9890534448988231,0.9626580677106202,1.0005778650544777,0.9601431846739473,1.054980872743118,0.0,9.366333718843764e-07,0.0,0.99548847829524,1.1158556855501511,0.3577151886077792,0.2340594929500028,0.2659875626163505,1.0633634334388262,0.1976949598152669,0.8787184014367219,0.02826293042246922,0.3477888300514045,-0.14855695351965026,-0.062304539176253004,-0.04328390901432741,-0.11697556681361909,-0.1824896638696791,-0.052058038518245864,-0.030608453420703435,-0.062353791181477096,-0.013260326766231097,-0.015884622494927756,0.04026014850591972,-0.08340041348012726,0.17589717809426864,-0.03064754116324875,0.005723584709272576,-0.01590831961833091,0.13781887335200368,0.042228748100405944,0.00372975011430914,0.029506426712391124,0.0034621199733497142,0.08760504941664038
6,5.583672894793807,1.1275341919883946,0.8596150776918566,1.1793137295863567,0.9890685950237111,1.0832004186123234,0.9303257178699406,0.9281911396641037,0.882702012263568,1.0268901619401098,0.9552877294773952,1.0990590963222537,0.9416057952766845,0.954459278325349,1.1248819526917717,1.0668695584854877,1.006014132172451,1.0069329896249914,0.9440634317941025,0.9525551290471399,0.9948334816777277,0.8762779955266657,1.045180204419222,0.0,8.642889083958736e-07,0.0,0.8027497597078225,0.9798687301842396,0.43371456915202966,0.22652492043509562,0.3028403744048364,1.2322997335001864,0.19313985644550974,0.9092404362314106,0.02285770744090363,0.36433692504516474,-0.16005799141236784,-0.055806171373656045,-0.04457915255806304,-0.1135115546277938,-0.1805345415197788,-0.0446799656948232,-0.03433951396996246,-0.07047743077717455,-0.014093780607945734,-0.01787757617005383,0.041279869726090095,-0.0848989462835214,0.15724078208202869,-0.03667640140796612,0.009818598878215876,-0.020630334697926828,0.14776043784201198,0.03413073161735832,0.0029103950430019393,0.025257069948117248,0.0030558767444693103,0.08759319593345646
7,7.287662493413625,0.9003065472747409,1.1217955526468952,0.8697015967763911,0.9532601593154617,0.9835041367171166,1.1030298125463298,1.1611652898802145,0.875380644448772,0.9810535451237391,1.0424960664758316,1.0305301250697676,1.0845659837755783,1.028462338073966,1.071622296580699,1.0376558976941292,0.9580470472116123,1.060382223720683,0.8756731884552683,1.1585171605403812,1.087360442159415,0.9740194892578267,1.0235912773201412,0.0,9.250723124494287e-07,0.0,1.045183098073706,1.1766939864351464,0.370049249369825,0.2607988905760731,0.29068842547490437,0.9797802206049273,0.1969307164149207,1.0403262272794074,0.02835987535017788,0.33991585200396857,-0.1677723360311386,-0.06096298897232879,-0.04042490026823333,-0.11187402477696032,-0.2036227681352954,-0.05260096772307974,-0.030792270144028903,-0.06906046127355436,-0.012177100829069728,-0.015386427125198377,0.040880953288373705,-0.08010139691291579,0.16254334051422017,-0.028852485287710554,0.004942206898241889,-0.017090131429707354,0.12967295505093582,0.04033584766830958,0.003443687059241717,0.03308255155608592,0.0031282050662893384,0.08412130719905227
8,7.5750415266322895,0.8670308064061701,0.8563692803993236,0.8995898095449313,1.1030298475298712,1.046713795740175,0.9561425066370725,0.9511831541531595,1.027325092073936,1.0020823099157399,1.1361134471645926,1.0357850022196355,0.974891488798951,1.0555880709827834,1.1143357222663244,0.8986041437751164,1.1784356399578209,1.0447055039500215,1.0176898309265872,0.8792681124906352,0.9276981801708509,1.0217362945822601,1.0697887273263242,0.0,9.048306137098386e-07,0.0,0.8605761902058473,1.1769059213137245,0.41993689608835455,0.24528973496970014,0.2845309928609227,0.9201359243773521,0.21356349232347555,0.9215880475768277,0.025813660315806706,0.3469980574214612,-0.16880328910555562,-0.061173901965472184,-0.039230115632262044,-0.12946088844855366,-0.1734415315757479,-0.05482279018154465,-0.0338245032670887,-0.06309516025058833,-0.014817065307884925,-0.017184661287169743,0.045074742611587094,-0.08039237281849722,0.1795691065525439,-0.030364528575228145,0.009160939956941241,-0.017060496804527564,0.13543892613450623,0.04467623230841406,0.0041809930243657,0.026781913837786858,0.003118983011636824,0.08515805667116547
9,9.555687537093382,0.9740571572540911,0.9299039204288746,1.0318036838263447,0.9696288455652663,0.9689456072406546,1.0306719437951257,1.1786470039787889,1.0210133731321291,0.9960031629664132,1.0195779935232352,0.9914970784832119,0.9847646080421526,0.9923576390533739,0.9266464089403094,0.9203078357726008,0.8899719498093384,1.0516947159069991,0.9603940309691038,1.116111545273887,0.9347106599159906,0.9626507368531431,1.174481336966755,0.0,1.0660237129296613e-06,0.0,0.9679748006913608,1.0643295224422158,0.3721842427768929,0.23426952414275468,0.3227422272266414,1.0060629319540206,0.19914247585491865,1.0390041573446855,0.024667421003864945,0.31505422655639703,-0.14735939807706053,-0.06637212329772144,-0.03680045180988129,-0.1274376362587669,-0.15708998862786153,-0.047146823557679976,-0.03568460542817017,-0.05746368771399953,-0.01283252552561079,-0.01492887967459117,0.044905725962129606,-0.07447707793046839,0.1722999488058049,-0.031723690535038686,0.005136892533822503,-0.018666047971116373,0.14994298187199445,0.038475366474651586,0.0033807383972257812,0.027278665599952494,0.00303788910986451,0.07928167600820953
10,10.320876041683851,1.1034687768613705,1.0489692196709253,0.926388276504093,1.0640754092829225,1.0205626245266843,0.9110761570223729,1.151271057637748,0.9130877227244193,1.061936016785031,0.9988107597804382,1.0325013739042965,0.981013346926219,1.112374807961934,1.083248849438202,1.134172748861883,1.046108793639941,0.8367105538633302,1.0568089493878576,0.9538393728145529,1.0796964652669774,0.8816674198351045,1.13411097480469,0.0,9.92071915497363e-07,0.0,0.7691377145370341,1.1033872617897087,0.4337680851575939,0.22273692327878636,0.3298604611158099,1.0187451337089553,0.17778514230522818,1.005643313113103,0.03067142210590636,0.3295168551929476,-0.16460850584600512,-0.06555978610452638,-0.04457999854842114,-0.1496857332411891,-0.19326580711369765,-0.05036358363969088,-0.034823713038381644,-0.0650875165746239,-0.015732079006178266,-0.02013386901211056,0.04585759610446987,-0.07187913834055332,0.18292523144881348,-0.03579188504391454,0.011122831674635285,-0.021216598162860322,0.14697286038062546,0.0491652266839911,0.0032566903916565596,0.03190789649074342,0.003873469391841775,0.09673735974883432
11,11.907942889759742,0.94499607059319,0.9522062396602338,1.1555667327724777,1.1248355645306123,1.0523085621217303,0.8231990096411838,0.8995145165258706,1.0500485586392239,1.0847647266411493,1.1450559169649257,0.9602504306321853,1.0199430620811651,0.9285399920955384,0.9595066294282975,0.9264172956105271,1.0487061129173472,0.8705948948461621,0.9138786230799537,0.875239656224761,1.0869102343741437,1.1382828754368226,1.00541410917219,0.0,1.0560824367641209e-06,0.0,1.0020981618904963,1.0395934656708488,0.30491511423905987,0.26756032426624105,0.3531052016190625,1.0660231807292793,0.20507271435709462,0.9542035477440659,0.025634215395498997,0.2946276368088937,-0.1497671814602343,-0.050828662511773565,-0.04165633034837504,-0.12840449373219087,-0.19088869098448705,-0.04240397356498435,-0.03469311134549582,-0.0656693739790081,-0.015315596443951912,-0.018161707134547712,0.03894932240334108,-0.0791753929900999,0.17005392944900363,-0.030886762836861092,0.006558419172209972,-0.023193805330119277,0.13444592635682331,0.03784743208439002,0.003403464876953845,0.028073297853950553,0.0030129455415950964,0.09258922629726657
12,12.295547814386584,1.0820501743807927,0.885607650903596,0.8834681511507042,1.0728564748944576,0.8858441648950343,1.009538692427378,1.0136921203534879,1.0677763814917187,0.9419017638787762,0.9204144192500767,0.9592190280333717,1.006149074461449,1.0100516612930708,1.172144241408621,1.0380611898112477,0.8758454499268968,0.9446805927355467,0.9236147392794254,0.8435273395152505,1.0763434176895674,0.8970542309896847,1.0157833397652414,0.0,9.958810520698283e-07,0.0,0.9036201504693588,1.1266528290964406,0.42956928297381286,0.25489571147267837,0.3174287542292017,1.015212307485024,0.21650147775976408,0.9173337583811222,0.027892171422994147,0.3981098826388698,-0.16699716741721463,-0.05806324156307659,-0.041924681218114226,-0.1524591223551887,-0.1796095859071846,-0.05550279589412266,-0.036903885638689016,-0.06517244823609417,-0.014672073289609365,-0.017496049176059264,0.038357018020684,-0.08222975002526552,0.13832762800869206,-0.030721862320344503,0.007504261958288537,-0.019565498859206016,0.1378257940099514,0.04069094569210602,0.0035473080338083523,0.02838119083149493,0.0032917107625714415,0.09016057807622015
13,13.89675983205202,0.9825223757193388,0.9963059043754435,1.1089918151396252,1.0315727843145077,1.079308065584758,1.0390428842825692,0.9781240544989497,1.056940090209255,0.9475299383444076,0.8964819605147101,1.1064991922412764,1.0329900066819278,0.961339746311185,0.8383812868678039,1.0271121922189732,0.9324177529722584,0.99514915864619,0.9012076264592556,1.1246008384479902,0.9493329501030687,0.9153993704430682,1.1143113459321314,0.0,9.030861216753224e-07,0.0,0.9738959955225627,1.0867850098457534,0.3157033149261512,0.2486258810788688,0.28158141462560693,1.1099519184013833,0.1902958149677661,0.9354446348881562,0.023233549545065228,0.2839719824774189,-0.1385467571310492,-0.053004227807373204,-0.037134503727689214,-0.12971736706540096,-0.16265591365167367,-0.047070382665207536,-0.027249412839482467,-0.054450403081423716,-0.011190839104874001,-0.0159375199979164,0.040403250937992574,-0.08316992937153762,0.16742759828051798,-0.030400509128876183,0.006400926651924339,-0.018336809037470092,0.1328261238989047,0.03949571268633727,0.0034910101289542675,0.02388247074906079,0.0032770001370881897,0.08352035284159129
14,14.71245823547934,1.0639771707085124,0.9176776232373643,0.9152043577426924,1.0533373179588201,0.9992140111427912,1.1103342433602497,1.1114127785697516,1.0303810873098216,1.0063024808555625,0.9603524787525894,1.0265520647388215,0.9566033235998596,0.9856110372146011,1.0964273569120795,1.1114269344473382,1.0117516869100927,0.9855866905939739,1.1264355772530317,1.0422695941490137,0.9514114469655246,0.8651253565305074,0.8296806179633104,0.0,1.0538651581552182e-06,0.0,1.0804152281439034,1.0339815950739544,0.3450730187974226,0.2147699809795439,0.3803086709079659,1.0347577622169066,0.18276561974219713,0.8296320352337428,0.023346308735465286,0.3526380174753598,-0.18451388408405103,-0.06088732869952274,-0.03504198290885586,-0.1507333442597137,-0.19497180048883583,-0.047707566895372214,-0.03925086513727859,-0.0679765485742952,-0.0158635069552187,-0.019673306475309616,0.04351555535634607,-0.0963804048434122,0.16916495109571872,-0.03186630437188684,0.009262213654253185,-0.019622879238303054,0.1516451706507154,0.042744819605372464,0.003891917471962781,0.029454736534097067,0.0033731651708084464,0.08982539222734841
15,14.324907593174073,1.0159800022977128,0.9568274210831573,1.1274011857520378,0.8884677338547268,0.9210649612897774,1.1151518098243143,0.8531185060040245,0.9297106326279085,0.8515647462303535,0.9785366339904895,1.03229883824755,0.989132238003233,0.9045521593240196,1.0727870379842543,1.031856368154787,1.1964872626282113,1.0026960952154331,1.152642995928853,1.0606394267596624,0.9723752506826068,0.8721531515539274,0.9262706893941774,0.0,9.621018898122597e-07,0.0,0.9248578322279577,1.018104459606229,0.3769449123009307,0.21058366151551772,0.2996795096183158,1.0618653504076927,0.2016052314755676,1.0494354162645798,0.029106757848441363,0.37473795404265203,-0.14878459488484516,-0.060953403198509594,-0.046842326331959304,-0.13616843442524426,-0.16556293052215892,-0.048558394294209745,-0.031515523414059485,-0.05993503834194039,-0.01633318576439157,-0.018096569103169435,0.04179891557957935,-0.08171240438143912,0.16300960604310247,-0.03159523439624154,0.008283684968360948,-0.01943367372352745,0.1499872724825417,0.050254208724743996,0.0031185183448266393,0.02339078196306228,0.0033811119734158852,0.07817121121959672
16,16.376538169337792,0.9902076893427995,1.028499059741495,1.044686748913861,1.0587477966746888,1.0056376258978263,1.0066852185513162,0.8256107616437517,1.1426774355739753,1.0899605557622425,1.0445915732918867,1.0869239049583834,1.0667741753679365,1.0627187030499803,0.9935034988405562,0.9865107619504239,1.125486378541283,0.9602560732109159,0.9960106539676467,0.9967268791209163,0.973583502485334,0.9681505324287328,0.9081344861884917,0.0,9.975386627167807e-07,0.0,0.8155403907480488,1.113702042264759,0.3309154437159398,0.23348608715014882,0.31061704362444,0.9522680391224705,0.2038828817983348,0.856703824700008,0.022439710784641017,0.35171174972444036,-0.131308509116602,-0.056141137267235325,-0.037417768755465,-0.11394564261144996,-0.18338475583522093,-0.041085321733603325,-0.03693014352083028,-0.060496317980559225,-0.014782147940166362,-0.016492972821292473,0.040004533970366705,-0.0850348250433905,0.16075426852425787,-0.03285460370530239,0.0073462145524472175,-0.020742003321170308,0.1333935766139616,0.038735809728536685,0.003424985201178064,0.027299884529657262,0.00338627627160517,0.07559450965138587
17,18.55105099557209,0.9849621419920588,0.9782976989935264,0.8639265750530017,1.0715022686822089,0.94174886851732,1.0104003994065676,0.9133604052539018,1.1565211786605596,0.8460182737194654,1.0237331110106773,1.0458168236949748,0.9627878198936696,0.9529352151939532,1.0613556443281116,1.0885263877240334,0.9791160032380145,1.1113865571436137,1.1290370950353905,0.9945589708430301,0.9894818824064384,1.0059285541181853,0.9480049006530842,0.0,9.174903802593529e-07,0.0,0.8963414793888705,1.1903951172671536,0.4089498696048033,0.2110501098662116,0.29543356866067394,1.0678517614811707,0.17462218964302129,0.9889964213149564,0.0288549621841051,0.38246718102750427,-0.16249395578853323,-0.04953527790150286,-0.04197606155897357,-0.1564142655799131,-0.1774667210718138,-0.05395246834485411,-0.031628867530243965,-0.07111117435495805,-0.01239004544148051,-0.0171151645504155,0.044733400923961025,-0.07800955163357069,0.13761592859393817,-0.029700881352439448,0.00651263475752106,-0.02058879809339093,0.13186207908750736,0.04539673564658851,0.003958468101650204,0.025758939917796667,0.0035667123807278977,0.08757302302190947
18,17.348050427370207,0.8528024955542384,1.0305304314347157,1.1247222289069554,0.9037592288546353,1.0210250679461137,1.1228095689386222,0.8633466992278996,0.8758984853916755,1.0567424029078398,1.0483665081942577,1.0397185601689916,1.1154303751560832,1.0969963049879081,0.8567768405009986,0.9939614790163029,1.0490080024595227,1.011388611286407,0.957349720751311,0.9838911166323145,1.101797839024344,1.0645672480571444,1.0801541493194387,0.0,8.813820967220866e-07,0.0,0.9777275024169534,1.212218101501968,0.3355848427611572,0.22158337246503806,0.2711158121357032,0.966436203255762,0.18094777731262243,1.0673646953560025,0.02611595777371778,0.32066046065129933,-0.12905721149324004,-0.05744067806446921,-0.04301386332719355,-0.14494539017216015,-0.16499864626877656,-0.046377690771083724,-0.03177010823940228,-0.05924226360982848,-0.014616104108951512,-0.016079902334821497,0.03839487082682319,-0.08610821040593777,0.17764199868185027,-0.03191597943436452,0.007757020647098807,-0.022163972290599323,0.1407752232080853,0.038803859260298695,0.0037496664079610005,0.029622854032233994,0.0036328390789320693,0.07876707723681925
19,17.465696204027875,1.0167200474278242,0.9704520901018738,0.9567299300834221,0.9401003091496798,0.969380234801663,1.009020883612826,0.897483933279883,1.0943167835856102,0.943322047828135,0.8897371362080186,0.9773312327231162,0.9961271379672492,1.0837911178004123,1.0030799165846185,0.9900265695935796,0.9841384221980968,1.089694805587084,1.1969951011039495,1.135434372274857,1.0760247251045512,0.9907840650204864,0.9088746115525387,0.0,1.192641451799192e-06,0.0,0.856703137970918,0.9899135205161688,0.3260339427050797,0.2612383085253899,0.28940515596628624,1.0368234021184715,0.1929282416549262,0.9179859766398961,0.02934539815393665,0.348643837250043,-0.15403296941326827,-0.057989501966190564,-0.042590833810934,-0.15556649092649086,-0.1911228737598062,-0.05072554844854086,-0.03133666692277578,-0.05899086814457683,-0.01338736377603175,-0.015986084238009048,0.04546931085570629,-0.09327307618648649,0.17877694062787655,-0.033297621956703466,0.008446150894385931,-0.01850928875378118,0.12337433368177436,0.04559797276550024,0.0035227435557265313,0.02853105250238719,0.003620815435620297,0.09541752694980359
20,19.26531932520733,1.0007306900811548,0.8997410405973324,1.0760737340787059,0.9136978604862132,0.875422955050537,1.0980201018916569,0.8737957520713415,0.985496005631518,0.973539741967514,1.1514282346229079,0.9817891016852938,1.0260837439026278,1.053471027362378,1.06698877608023,0.9816476254532427,1.1568952357691582,1.0390660033162007,0.9583898815368298,0.8786464523578885,1.0356619769562825,0.8800699060253644,0.8332757850633697,0.0,9.613241643495713e-07,0.0,0.8857646523988537,1.0217225506717678,0.42789170749164074,0.23922820183394913,0.3009394508350636,1.0267924240318187,0.19803079525545172,1.083037806709286,0.02970599784396117,0.32673149604382595,-0.13457484685091145,-0.061603744834055986,-0.03963433906186096,-0.12078013418945059,-0.15336873633993414,-0.05573877053258187,-0.03361645243970164,-0.06161248032568383,-0.012327854554844862,-0.01729877896761594,0.04277694193734041,-0.0883499286838728,0.1685773782586751,-0.03184888059421027,0.0067141597972918,-0.018170068779073876,0.139351805292969,0.039678944320289594,0.003450394081323982,0.025326937356107342,0.0029782183056151343,0.07760880756511605
21,21.32826649591125,0.8494222241919142,0.8791645866344503,0.9306671360143743,1.093496105409494,1.0096982972712494,0.9913976571346731,1.0636127525905372,1.0302922910073988,1.1053252055320792,0.9281509156624732,0.7544389485688385,1.108803729538531,0.9137671346167534,1.0533172437912566,0.9944611812067916,1.0562265265510915,0.9519603796023909,0.9994244407775956,1.0280085141965736,1.0370805994656231,1.0233550995147123,0.8914158193751854,0.0,9.896522471037108e-07,0.0,0.9243120566647385,0.9823338291378937,0.33802379187159376,0.2677512227240886,0.33935712770555465,0.9776749845035125,0.21103770832256197,0.8976128881468795,0.02186494366446596,0.3349200122380068,-0.15968813850986643,-0.056273569589525424,-0.03987694325992464,-0.11868065794056051,-0.18659339694170346,-0.04171582493371178,-0.02858250625667468,-0.06113598724046274,-0.012881476576299847,-0.016062470620399043,0.04427734238097698,-0.08379863458943093,0.15719964892841667,-0.026288286128723793,0.006566634641893579,-0.01677107866243146,0.15780728604807084,0.04160179614469801,0.003520256901673621,0.027874499692714442,0.0030957721096167012,0.07878124528577644
22,20.467937715200467,0.9060280467384108,0.9480865392091021,1.0941136053905796,0.9757236622507273,1.0268095040274388,0.9861359408521712,1.0373721289828581,0.9146734263935102,0.9344360971962191,1.0746593767592145,1.1240013820360257,0.9120655863295128,1.0468596044081675,1.0341408494781108,0.9754390860397474,0.9762665881175274,1.1113736348497674,1.115185584797034,1.0067626950137563,0.9472062244163632,1.0706454657955065,0.9845465932887663,0.0,9.782948896156113e-07,0.0,0.8495720405657274,1.1553766021341534,0.4072985597207459,0.2093509213210953,0.33826899104996055,1.0276178327557584,0.20143833526103422,0.9868895433103103,0.024208311214627444,0.3777406497049011,-0.13794726204268926,-0.062219970167207365,-0.04936476584745913,-0.13243423977728802,-0.15457670116396488,-0.05364896744580533,-0.03623936830329461,-0.06775123045679671,-0.013139288968577332,-0.016648361133078077,0.03711994488215906,-0.08839800718929522,0.16077856569935955,-0.02874522160163624,0.00993711754196314,-0.018388466301313876,0.14352171006815523,0.04214288654172781,0.0029712049133310985,0.02627622612548131,0.0030242922421066104,0.08823301268768781
23,21.294982480605054,0.8702171195200779,0.9857171753990257,1.0899248716759147,0.9996174917633324,0.8508922784482539,0.9457469698256371,1.1488933484700503,1.007501544348879,0.9827332359004445,1.0068118424192412,0.9109094834397229,1.0536585324312244,0.9755129107941217,0.9340974362601155,1.0940662991066383,1.0504137013446906,1.0428455562855519,0.95200589335497,1.1065819944527024,1.0573139768802307,0.9148351848556985,0.8756910051325741,0.0,1.044983380277074e-06,0.0,1.0326830953570119,1.0820608631623063,0.3595547966191793,0.27843089400371035,0.3293654932232801,0.9034041632408514,0.22573149990125743,0.810506833737678,0.030003813606704635,0.3315415328770055,-0.13549644177078807,-0.0692753493880871,-0.044327416598652525,-0.12131492010419395,-0.16571590571433978,-0.04585925120633189,-0.035561598999638976,-0.061922318439585636,-0.015065849325128501,-0.017481951947837228,0.032578413198657466,-0.0754432641778578,0.1559110319151889,-0.03130324632306988,0.009195548987552694,-0.019085760700194587,0.14673516795667743,0.03783271651123574,0.0033281278209612228,0.030099347080985342,0.0035505722176619563,0.09320173714577942
24,25.106287513089093,1.024206191920594,0.9462666888256234,0.9157421704364026,0.9060471901106442,1.0719496230746455,0.9013323304393737,0.9663442161181559,1.012579863928831,0.9290786634809411,0.9992375747609951,1.019717223451162,1.06649279211306,1.0323737845946668,1.0507551000939586,1.146640618391332,0.9499359192947551,1.1143996570232213,1.0208278679438154,0.9313328406726654,1.1223354331658126,0.9133230353655925,1.1047820374759443,0.0,1.0006682894952655e-06,0.0,0.8988295493023736,1.1305704981776072,0.35857928276547285,0.27340904662465393,0.347120299697702,0.976482878521047,0.1923097352291233,1.0205660347075887,0.0250795759102175,0.3861323354826395,-0.16463043652294257,-0.056967014602354996,-0.036284548626698256,-0.152998207320768,-0.17160022752676393,-0.042167630733562306,-0.03365074120667355,-0.061714165302030596,-0.01279477626365947,-0.01479585027137929,0.04766385477349903,-0.10001810666840895,0.1634089029098414,-0.03198761999792069,0.005501485218780219,-0.01818002399447227,0.15564456543214264,0.042444161789905684,0.0035138571894417167,0.025821680917067,0.003436224208812486,0.09500731625755103
25,25.975027615071433,0.9648946922251468,0.9885625423821071,1.1086644932484995,1.0077803527205003,1.0301413062836235,1.010750708512555,0.9000392755606537,0.9602559457069286,0.930711333070507,1.0709644682959232,0.9920920464614567,0.8752720678806136,0.7722557326270548,0.8343410532216421,0.8129246364317451,0.903097715063978,1.0780440050682767,0.9848246527168831,1.0676025130222997,1.0693884224170696,0.9736654127714485,0.9395095518502181,0.0,1.1304947751757051e-06,0.0,0.9502032285314829,1.025900563460671,0.4021889732899912,0.2726542190503496,0.3130445263349061,1.1914470103679138,0.18604766779277687,0.9155005434038227,0.02866460226963523,0.33387901149457494,-0.15728055018698026,-0.05573323190314566,-0.045673951265656806,-0.13153137450810765,-0.1748358683011174,-0.05488344180257707,-0.03486408681842049,-0.06286235588484464,-0.013531028915923702,-0.016359765793156317,0.03689381974658343,-0.08180005822283072,0.1592038363482461,-0.030409555748759677,0.006061354650186517,-0.02209667077022224,0.15070416733884684,0.04712780880599634,0.0032665031559314024,0.031362380404290846,0.0036993466245350284,0.07603622661603636
26,26.515384047100586,0.9890283122107455,0.9789720363246427,1.1044328125355891,0.972354753888866,0.9904296782737201,0.9936135608946297,1.0995851398355267,1.1040678274414053,0.936888670272236,0.986363025262655,0.9129908449837244,0.9998993239248819,1.0462942658891565,0.8843915445471028,1.0045697332507086,0.9899927490414732,0.9581495719808533,0.9437151360852046,1.157442668002346,0.9296778553064514,0.9856476254609479,1.0923426999204473,0.0,1.0617981959324743e-06,0.0,0.8834979196648934,1.1916526111317531,0.39556451680419524,0.22714942025798615,0.28347848656496427,1.161562277890189,0.20788331293300938,0.8201445188058333,0.02457578277935326,0.3505082319784806,-0.14605539305477802,-0.053347357420007666,-0.04420887774498388,-0.11490732920912447,-0.15789830845494662,-0.05317760130739952,-0.030024359801986113,-0.061231052449031036,-0.01292024709490707,-0.019486835642406046,0.03642648772072556,-0.07783118262447249,0.17356871972972748,-0.030881509017771112,0.009394328033892048,-0.015371210333724725,0.1551254913412896,0.04008757307347919,0.0034326515134363135,0.027006972075069493,0.003007918054808921,0.09733223571025845
27,25.203450926415236,1.0062806538791194,0.8805535320818644,1.053324245694188,1.0258413888106384,0.8655320721378563,0.9902797046989565,0.8849240042065023,0.8932279728377546,1.1265897089291412,1.0826930647739612,0.9785064444075248,1.1196311509233077,1.1163163329814165,0.8257589653465844,1.1401169629427048,1.003685482078419,0.996317514613651,1.084258959028951,0.9070475458016799,0.9072785354499668,0.9132258061899095,0.8749925318102608,0.0,9.874873360726715e-07,0.0,1.007381430612568,1.0987961303304792,0.3788256061027198,0.22695911722693177,0.30294419770005165,0.9704977602961842,0.18920026020486433,0.906717276241506,0.027783496168020023,0.3321572495088497,-0.1348374905750793,-0.0658607083558163,-0.04054763796394461,-0.12827491906806252,-0.17252051855122055,-0.04518523392746481,-0.03641225968699304,-0.06592022601628943,-0.013504722230437612,-0.01689890112139868,0.03913647932171887,-0.08827939799223684,0.18707977655711464,-0.030305737596236417,0.006933170796388227,-0.01909471981740638,0.1442963249398027,0.03845649352283293,0.0036236421484097457,0.030160034516057876,0.0029904538095620885,0.07978049486441548
28,27.95247498480952,0.9608819320481282,0.9804577927526176,0.9668975462198566,1.1768364286526867,1.1152888128810632,0.9343717185889574,1.0402167777327078,1.0650545277887573,0.9488706915117244,1.0516502214913468,0.8945718238421646,0.9848629121697442,0.8673790738911316,1.1863588596256522,0.814425620136019,0.9322179021493995,1.0585331134735525,0.9719947434525767,1.0529889036911266,1.0121215436214535,1.0877336825283657,0.8712947160714499,0.0,1.1791259181468104e-06,0.0,0.9377469155988027,1.0430142331633374,0.3811143039217383,0.24668205884244607,0.3071612691277159,0.9491668034906795,0.21147885252678902,0.9278251013208058,0.028332537275917166,0.33897232259309057,-0.13858483220484327,-0.061689752119401205,-0.04799561885472861,-0.15218749173710217,-0.18148436215200733,-0.0496603009113992,-0.034177417209646066,-0.06479861829387168,-0.014387965774871243,-0.01913402167902088,0.037540856996022,-0.0838716781981943,0.15748012091017968,-0.033206848344244186,0.008485033309266614,-0.022177361115399075,0.1644827354853012,0.04506719964724456,0.0036289258037571237,0.024632792275068253,0.0033129370824701194,0.08010243812256006
29,30.907795127100165,1.1245732448080061,1.0546875948429821,0.9187799402680102,0.9097607610610664,1.0118341043416346,1.0166171439314788,1.0508222248954164,0.8802055110194221,0.9017529247842497,0.9301689898542261,1.0312943752289832,0.9280273133641289,0.9870168136102586,1.1470405535563644,0.9541878195315996,1.0979812937207465,0.9160258396554612,0.917362723223737,1.0428633054934224,1.0456249254483538,0.8568371397029346,1.1392547384767346,0.0,1.0924650846312516e-06,0.0,0.7599591818186099,1.1901291266306948,0.3393726796742508,0.2657122615202563,0.2906648895700834,0.9858491618544831,0.18446720611111644,0.9430412815857705,0.028398722170657736,0.3283978073925883,-0.15810605351339202,-0.0673485121897531,-0.040908129206952255,-0.11982114819277645,-0.17370196815796204,-0.04808697221256126,-0.030351398824200407,-0.06739829701418423,-0.013345449271477357,-0.020227770072262726,0.0370671685187855,-0.07478692917457194,0.14988356438899658,-0.0350162079565077,0.00629787618071408,-0.021197378772310267,0.13064677087020182,0.042400760648265014,0.0034385050384005923,0.031446880193714714,0.003523738322972868,0.0889279611430502
30,31.29786509835728,1.0738371236980044,1.1144064617016303,1.0282018904234902,0.9016434838216717,1.1119491264498649,1.0781511325246622,1.0188999127962033,0.8925025024652083,1.1036164300857052,1.0513144226037483,1.154468323006164,0.9960288650504536,1.0423536910528666,0.9765488192409406,1.0318417601332341,0.9697117897981625,1.0151094645599075,0.9941777887066059,1.1641085555260955,0.9685753129827422,0.958587529402982,0.9781838057770268,0.0,1.0488112748616708e-06,0.0,0.8119658523219423,1.1304840225522754,0.33719774329106095,0.20576463898201958,0.3612947840238628,1.0213806011397768,0.20673652465674078,0.9531995302215264,0.025825340124616306,0.3033811381529011,-0.1515395309282762,-0.056253969531282304,-0.03952523363513208,-0.13778918341672036,-0.15464039415185185,-0.05424135580267726,-0.033832345763524736,-0.05658979295340659,-0.01360075649097682,-0.017592346486514657,0.04044786666500539,-0.08157206246672023,0.14559237765687336,-0.028665750420455795,0.008923334483154577,-0.019260539986226562,0.14753559769560123,0.04234460528142553,0.003272030588332869,0.02905830858141625,0.003040728434335767,0.07772016713963445
31,32.665327103741255,1.1036024035161411,1.0868093140205668,1.0162851715334198,1.1383890367682992,0.9709617551409007,1.1586085448471408,1.07993432891833,0.9695646645843903,1.0310347406930689,0.9793937373283413,0.9353251432272395,1.017182345565932,0.9869010481438368,1.077297732588066,0.967538698082364,0.8664571234094185,1.1293005840387522,0.9662095873455706,0.9706513629615241,1.0147004339755876,0.9873796761518986,1.1410514081590903,0.0,1.0866873240444689e-06,0.0,1.0268260311685427,1.187362246775577,0.3646532989838707,0.22185179763414736,0.28111677783099936,1.029014241601901,0.17868917671210977,1.087451974057973,0.030291935836215988,0.4071972769566415,-0.15596007616436838,-0.05778084795261582,-0.0408583479309751,-0.13120646677972037,-0.18063945881896792,-0.043042226901895846,-0.03599289695987457,-0.060308003143108774,-0.013188060045164447,-0.01945270841182336,0.041774570434632376,-0.07484857909358453,0.16130835028015594,-0.033203516492505684,0.0074420358810942736,-0.016242141377086138,0.141146486987952,0.04613249496166741,0.003867738969655944,0.02634779223185555,0.003092722345789462,0.08234671188183917
32,34.703064837465014,1.0502744814796967,0.9180084698346916,1.1241192198541192,0.8521523440305362,1.0159486789984493,0.9263946534844757,1.0448701969811949,1.0016060780302845,1.0324612342305715,1.0301911561479742,1.00512473892648,0.9522221719686599,1.0079882658253154,0.9468632996322621,0.9056844117024851,1.0323206283060258,1.0145033338297842,1.0437177698933031,0.9138612356684213,1.0096120477016912,1.0834439289987599,1.0421551371089763,0.0,9.238106664865234e-07,0.0,0.9946758332478267,1.1638256518391095,0.337579810838238,0.19826838440853434,0.3340002958593341,1.0152087206526688,0.184663994398974,1.0510635929888195,0.028225766214939926,0.36958955789229214,-0.16314772844028627,-0.06113370550766013,-0.03865733183309771,-0.1472409932803474,-0.17341755344082574,-0.04978986543354025,-0.03181001841865213,-0.06185993581227009,-0.01338715111750366,-0.018517372384506986,0.039465241415913684,-0.09327645264012416,0.1743652418962505,-0.027094544071976027,0.007681164790757231,-0.01826389576866939,0.14485029049334316,0.04214853741463017,0.003922150434370762,0.027685329936748212,0.0040001584007697075,0.07838725473202914
33,30.05482500409111,1.036034793773588,0.9617893741583354,1.006364387120224,0.9191327500376241,0.9021629840112669,0.9258447389364821,0.906499593420958,0.8916351049706354,0.9247031889989862,0.9072749084082797,1.1300705376113134,0.9897829131528345,0.8761980689059254,1.018737094074861,1.0940313410738762,1.137065664720198,0.8975674594900958,0.9817308541997591,1.0666432402594246,1.118093282827682,0.9636788709375314,1.003826905759085,0.0,1.1022856354633479e-06,0.0,0.9374024155743613,1.2642187733156076,0.35834339723573017,0.22848610642802666,0.35204184005360295,1.2158153116522985,0.23141599380599145,0.9425118759736267,0.02392123271234647,0.2983955733582844,-0.1601545843684057,-0.0697606591856476,-0.0452200357983998,-0.13809436737234212,-0.17884507183589776,-0.045498268688231334,-0.0386549635266367,-0.06657628445277014,-0.012577883252468931,-0.018788661815397213,0.04609156947965736,-0.08186200999861068,0.17558575433199766,-0.028304826353897593,0.009286461695997552,-0.015404242125029133,0.14186989584480558,0.03907156567742298,0.0033487176683706854,0.02555564185103201,0.0038602588121965957,0.08238125864441524
34,34.22435329218514,0.9335910298963433,0.8565140787110557,0.9401132387148238,1.0418494683184962,1.1105317610419096,1.0814366550804848,0.9198410511378974,0.9682766604233367,0.9301782144815601,0.979270518067022,0.9395701947536169,0.9769783970757883,1.032686498756624,1.020291745272663,1.1223285571689379,0.9368600823826598,1.1829030115011736,0.9977890196776602,0.9418480351267962,1.0139915672776318,1.155095304280483,1.0094368842545367,0.0,9.421518990753614e-07,0.0,0.8910708293461211,1.163094258004272,0.2978913990041894,0.2372653785855735,0.2906090922723958,1.072326288865309,0.20214381354755223,0.9098006859890742,0.025346728154856685,0.2865784663053235,-0.15799194287949692,-0.05516934486171997,-0.037038991493958895,-0.12595350785134896,-0.20187146860987196,-0.044556766749913226,-0.031141213627974403,-0.05800696925416014,-0.014550593504102205,-0.01601333873936789,0.04290204246412549,-0.07498583512889243,0.16740511743723122,-0.032293084520095536,0.006871592557948109,-0.02168442292287196,0.13793358041448248,0.04348900606162026,0.0027480827227677343,0.024902898463727608,0.0031596630640773208,0.09433885047346327
35,36.848030573600404,1.0354659959473376,1.0508602410218357,0.9464188076576987,1.0646200795619973,0.9323540930769937,0.9757865545459083,0.9573619658236324,0.9793505639460766,1.0213180205700112,1.0133521482695267,1.132516956279568,0.955987398507597,0.9928544618827794,0.9649527151459576,1.0564680895463474,0.9416837212440619,1.0421971363168188,0.9684505047497745,1.189435723548694,0.9665341629069946,1.0801958335094517,0.9714845598179837,0.0,9.355798574138457e-07,0.0,0.9164672134301973,1.098237714363623,0.4172993417693315,0.24741526336512562,0.32035079564248625,0.9799126831778922,0.20652070278945603,0.9548385853973874,0.03073938029137886,0.309407052730723,-0.14937236079984784,-0.06206470576093369,-0.04755954895029312,-0.1362035581902002,-0.15823633485645364,-0.04691667936038016,-0.030230200521376413,-0.06344113796235065,-0.013045091047010448,-0.019863839949542068,0.04102603379942057,-0.08244812196058036,0.15698369947902033,-0.030918971782096714,0.005922569426811771,-0.01801929930179424,0.143424235953511,0.037928570466110506,0.002934156296817042,0.0272856764395256,0.003074313310645949,0.07636785582059293
36,37.06184116856631,1.110320819226815,1.1096412758695808,0.8853657904515713,1.0433328674697246,0.890028277756806,0.9926174173616965,0.9905554563659217,0.8806471054131879,0.9360665004295835,0.9117064803841336,1.1470374738411864,1.0809740996170967,0.9739072307773536,1.0687966237078748,1.0130064086394153,0.8886898655241151,1.111817507067714,1.1680633777960667,0.9789330747693161,1.1230974969713923,1.0132182530432274,1.1900960709433208,0.0,9.900449563252512e-07,0.0,0.8167556462164438,1.236342798304999,0.3633372267907261,0.24439321881159176,0.29795299049156754,1.074878586446339,0.17966292390955124,1.0385648687912548,0.025793412326249928,0.30853366215533096,-0.14954399537929006,-0.05889642548598325,-0.04377285469513138,-0.15232792820319424,-0.17643022080284465,-0.05201330112502275,-0.03348908921866579,-0.058379133819202296,-0.013625598208122302,-0.02018079704037818,0.04801697724991729,-0.0812345217332227,0.1730922407487725,-0.028839558887227466,0.008218333248235166,-0.020908462005558525,0.1340413958804659,0.047017142167497444,0.003755363116675886,0.025277471459552107,0.0038842260674123233,0.08841161320349383
37,37.50666105861833,1.0444146727165928,1.1251789498206208,0.9870936945762482,1.0287676313123455,0.9883546953219825,1.0281976237820851,0.854121826760174,1.121058214383935,1.0127133526006067,0.9886078168190415,0.8405406806640621,0.9557519005383062,1.0285671279449657,0.9535205116483693,0.9355367717429008,1.0365836768371093,0.9486462739713954,0.9333526839647007,0.8156923828839796,1.0066908855883905,0.897659964220051,1.059939397938106,0.0,1.0313999957961505e-06,0.0,0.8747351507294919,1.0381806608355602,0.34503810204325486,0.24001458500525386,0.30641830267516684,0.9506818405654608,0.17728076896704706,0.8106051788431591,0.024241126941809205,0.34075826469299064,-0.1563540018995484,-0.05967431642954435,-0.04375165855450398,-0.13476402178402624,-0.16387962541965592,-0.041367114101699284,-0.03309264959217418,-0.06465880402543056,-0.014724156930436591,-0.016884057269928286,0.03984641881900216,-0.07852288230041485,0.17626799825177367,-0.03312628362358978,0.0073469172047278125,-0.018895098930247066,0.13828898492209213,0.03997573301462901,0.003214086646968675,0.027411753041427633,0.0032635032246068974,0.09037816603178715
38,40.30888156818519,0.9235021842849704,0.9996574443617179,0.8743309917034191,1.065977006498366,0.8930882717954043,1.07767822102787,0.9673652530487351,1.056696798037987,0.8200427764026753,0.940927705722835,0.9621277880956499,1.0459244293628405,1.1547755312141064,0.9984256531527371,1.0289000512523654,0.9101860491739941,0.9335811872325862,1.0230310656473447,1.0646956271463566,1.075832049328367,1.0203450651743646,0.9433682816253036,0.0,1.0309600571174443e-06,0.0,1.0335243286111246,1.059041785445611,0.3557915561819106,0.22596202874841056,0.3365262979474999,1.1145421735116712,0.20927960754963407,0.8476821110684546,0.03301978249871193,0.35791326804333984,-0.14573019653304453,-0.0590446434020712,-0.04652120145451289,-0.13170886860854383,-0.1770099576833494,-0.05385914730768992,-0.03360694773936731,-0.06293094348971233,-0.013145416650887233,-0.016414528601891284,0.04537398115008784,-0.08130710502014558,0.16310863204639683,-0.03467500844294521,0.007746898986844721,-0.017313138452316607,0.15629915379932857,0.03483175969324662,0.003524979961235797,0.028330850331446517,0.004006308714023508,0.09373402979361703
