,E0,E1,E2,E3,E4,E5,E6,E7,E8,E9,E10,E11,E12,E13,E14,E15,E16,E17,E18,E19,E20,E21,E22,B2,B5,B8,S0,S1,S2,S3,S4,S5,S6,S7,S8,S9,flux_0,flux_1,flux_2,flux_3,flux_4,flux_5,flux_6,flux_7,flux_8,flux_9,flux_10,flux_11,flux_12,flux_13,flux_14,flux_15,flux_16,flux_17,flux_18,flux_19,flux_20,flux_21,flux_22
0,0.9110885617192341,1.0512022974014668,1.0197977915897538,0.9662146623810083,0.9008636488852435,0.9725999551687033,0.9798127764593492,1.0039926739216432,0.9945756873733028,1.0849033572840527,0.9637483740842301,1.0382592641734834,0.9528851788013261,0.9205691450698232,0.9129879306071298,0.9053320917809756,0.9932457324396925,1.0790847482144044,1.0571861470187864,1.0042820609390253,0.9941328498546576,0.9143502926399886,0.948224751597654,0.0,1.036953869187081e-06,0.07730787047673719,0.7924378580601305,0.6591945124459969,0.005778267608507706,0.805090132477732,0.33871314646423895,0.02863619051077459,0.6253387337539552,1.7452618098641326,3.929228131705454,0.28801048997864187,-0.15461976688105564,-0.0278123263257268,-0.12230510259705153,-0.013300923569362168,0.005976099065524764,0.07100306972480572,0.07044203270585563,-0.09784152300924114,-0.0053040805260738426,0.12479110915023432,-0.1546061266884772,0.030251522179536656,0.030240183744703716,0.019711793935974133,0.04245114582983099,0.004523054907595156,-0.09437709979647833,0.02264886691495201,-0.026880132228631927,0.005126167603385719,0.04573053240309646,0.00515111724427618,0.0044438541336513145
1,0.5356529510409553,1.0170066590891886,1.016469623350094,0.9127531969026182,1.0999309991971993,0.910214682220977,1.0931544037305554,1.0584465276088746,1.059384211933177,1.016951885562832,0.9335025196289217,1.0242503676006776,0.9932101985298069,1.0827292894406861,1.0999855811405732,0.9093879426123361,1.0326255183040276,0.9478823323250037,1.069486946834227,0.9699233803157612,0.9355600388661677,1.0119469440337046,0.9743476508553561,0.0,1.0628232449772662e-06,0.06946847409934911,0.39984026063693595,0.5571930240520166,0.8528359534062154,1.5073965022475724,0.7878540286405156,3.984982202780362,0.31180888532599005,0.6147042492799194,0.007302627704893847,0.030689661223746733,-0.09778378743753591,-0.02823222044905836,-0.1264181162822814,-0.015741831918558814,-0.0023920809198759003,0.06644212709588063,0.056311220699248064,-0.09840253817781348,-0.002704777412904146,0.1120007720522329,-0.10414492303461947,0.04246273770341066,0.05697913180265504,0.018520696671096855,0.048530857821189606,0.00486473602303765,-0.09933377709303721,0.024010379018486856,-0.03033250038461349,0.006191222008649515,0.04611594990165842,0.005971486584685987,0.004189523976043352
2,1.561021321099822,0.9123212528451148,1.0452565543246124,0.9033070787475173,1.0857301478785706,1.0547337141243143,1.0107681094940029,0.9632527183432588,1.050735237017379,1.0621821340015476,1.0484558766557137,0.9241927479599238,0.9841855936739492,0.9886385373469967,1.044388612165943,1.0354082407509755,1.0394242600804442,1.0857186553194849,0.9265020819519891,1.0529474340339542,0.9819429380727528,1.0514906025505677,0.908296998748178,0.0,1.017308449542206e-06,0.06924446425046024,0.2917233274729078,0.6050544142882108,0.707398381347756,1.6675621383930603,0.7651891903983333,3.6866118204241154,0.30272108472952697,0.6509000515262622,0.0056163593330895815,0.029892523418494917,-0.19519068617643973,-0.029346022965569957,-0.11200183459228613,-0.011553863828484947,0.01184315704667725,0.07250019699084989,0.07361617614437053,-0.09802097517584775,-0.006176552520435208,0.11196865992502306,-0.17425739774477167,0.016047846095176014,0.016676958341282806,0.02364626380501661,0.0393247058038654,0.004118170851374361,-0.0960184591310957,0.02658292710394818,-0.0322672986236397,0.004857160165604445,0.04521529799781179,0.004491695478329028,0.004776929048305786
3,1.0757235274765669,0.5393526820180775,1.084964081902999,1.062747757628593,1.0830525334561014,0.939408419760415,0.9698423904445356,0.9831621494813163,1.0502132683334602,0.9472333506608693,0.9520144396763027,1.0177311269334952,0.9666721346867142,0.9098934044424001,0.9320937288715656,0.9446349402218701,0.93107000203601,1.0232580431342329,1.0240202792517235,1.086963430132467,1.0057673619612681,0.9223597611673472,0.9073181162391114,0.0,1.0233140658190905e-06,0.06853181925470962,0.3593493383763898,0.5557335035218443,0.8600337823965518,1.45268715328868,0.7774474834230121,3.798938084188621,0.2990899109967689,0.7062107861197139,0.006638121386112685,0.03196894180016386,-0.17738260238940454,-0.019849219426937056,-0.11781828877062243,-0.015237657777542176,0.005534632391768209,0.06930744600597137,0.06069350866197345,-0.1063207379301151,-0.005240940641461278,0.14001889489950295,-0.15677920208515062,0.032701625043982135,0.035471250221735404,0.01738061710225894,0.04508093735784022,0.004122643475136411,-0.09265676430805578,0.02371722536207414,-0.031485103014478495,0.005376483212428095,0.04220966729115211,0.004792987069288181,0.0045012849108683976
4,1.0676540843673354,1.6153127910246683,1.0830696948926202,0.977161452706131,1.016167639107012,1.0784949510420976,0.9803121178992278,0.979991129545299,1.0484280753450355,0.9953232856225229,1.0922373554923426,0.967749066186876,0.929377912543902,1.0690481996882821,0.9418837135713947,0.9177933018029755,0.946575975854025,0.9824924570515927,1.001136930171386,0.9385866981891388,0.9739174638910242,0.952107314905664,0.9169081449216536,0.0,9.207746028680599e-07,0.06876957893401632,0.3441970106763983,0.5729595377880353,0.7687651137361038,1.540734302884002,0.7964432118771458,3.997514402122437,0.31967161252967946,0.5745621004872629,0.005707325731430924,0.029985759377905374,-0.15191522209141828,-0.038302946511049686,-0.13171367233256992,-0.010781356509645514,0.005725145214114675,0.06797124249220216,0.06818021812448168,-0.10814485520078623,-0.005677008981191278,0.10951344322861478,-0.15537639545119825,0.031426892777408906,0.027221959673467886,0.019403735360873947,0.0439277805014075,0.0049060928233852314,-0.0934846111608831,0.024095622784946,-0.027513223267711183,0.004822207456288711,0.0497919214185608,0.004987942975848656,0.004841179212385942
5,1.0775550864599126,0.9640377718262034,0.4897710995553424,0.9020073500015218,0.9873576270556756,1.0176768708216115,1.054437766484558,0.9678158667059256,1.0249419441957488,1.0688829051160347,1.0028475549813598,0.9925209770080916,1.067083601066823,1.0932317467478005,0.9694289758208015,0.9235833719522136,0.9403648049558877,1.0536487839356772,0.9491128442786811,1.0233795203105622,0.9223652085660611,1.0348215624393584,0.9899333735058636,0.0,1.0466194886984994e-06,0.07163274659336692,0.3166400874023869,0.6665276762017676,0.7859251753834663,1.9861369905712523,0.9215707297257048,5.081301670932614,0.36375684153599763,0.5947143885521204,0.007366946681445385,0.043705305282346285,-0.15775946457250797,-0.010878351766063962,-0.084596368594234,0.003290966908056684,0.007976340506274278,0.08692792093624475,0.03943043036938689,-0.10952655241118661,-0.005352505528012726,0.11482848353792169,-0.14323518780886457,0.0225786406002995,0.03180249497877693,0.023950858325816383,0.055315597328421215,0.005615288908732648,-0.09675205264938284,0.029690997364811133,-0.03635189274024364,0.005792399866029175,0.04386624241468379,0.0063957967309405325,0.005816512490791846
6,1.0286580567156418,1.0335251896603792,1.3787565311770569,1.0314684658106361,1.0612642768857872,1.0929051464784836,0.9793031735153719,0.9701096391258907,1.0804089637132508,0.9766694933586642,1.0037067790329566,1.050535223681948,1.061086893628595,1.0314415007213935,1.0629210887248046,0.9104719837853739,0.9582888741157972,0.9198626195621766,0.9514872686358368,0.999027136988078,0.9515328889307855,0.9991383723079611,0.9053506267602557,0.0,1.0103436455809226e-06,0.06738119413449989,0.3176169995279033,0.6232513336068861,0.7457920574293565,1.3648274514736622,0.7120892833980998,3.0313844345205117,0.27298042813785867,0.7120930000961591,0.005631460040326618,0.023047956089716874,-0.1400725237904717,-0.04437063426413,-0.12946022396799015,-0.01919570049019259,0.0048365739449134654,0.05531648003570333,0.07330086384093717,-0.09610956341830118,-0.00528399719370951,0.12603458843227927,-0.14536220348501247,0.029263254569596574,0.030788194673236794,0.016739921134155965,0.03582467683114454,0.0033914836539803094,-0.09233704539500934,0.024115354826358015,-0.025878892864685272,0.005167297121683858,0.041284220360013835,0.004629126501582509,0.0033968354580993054
7,0.9276988297629908,1.0076350560259149,0.9047034989711713,0.49042721202544104,1.0345366938261928,1.095573270122953,1.0011047745095236,1.0264557432846735,1.0623309486729586,1.0133340303904175,0.9265098083320773,0.9389188342848382,1.0732155541924535,0.9943782649182809,1.0419854332127871,1.071928594811049,1.03632081593638,0.9261985462824255,0.9836491136566364,1.0508945715665574,1.0483828833043536,1.0509996016179481,0.9458391651351005,0.0,9.458524657923625e-07,0.06533226291957814,0.3311694112434237,0.5859073750542161,0.8097142451922144,1.6655303896232645,0.8079034815723951,3.7288861841955865,0.2867888793156725,0.6830077120867035,0.0064927906111294925,0.02779070666055958,-0.17167685277016922,-0.03090137339538452,-0.1219215532608196,-0.008671862419435407,0.006114466009103426,0.06622641284635711,0.06657287017699458,-0.09330046471688505,-0.004998076625055249,0.12869244854548512,-0.15647774255554533,0.031048735706920016,0.033242447923542494,0.019474247589943244,0.048470655682856544,0.004966741003707564,-0.09644797072206444,0.02345126352793139,-0.03195508098597207,0.005560557041786286,0.041121842709165746,0.004668748854123088,0.004912349268384017
8,1.031636439596467,1.0560713419791519,1.0019859148024592,1.6019846468321224,0.9674253190132999,0.9144506360083431,0.9981788905390045,0.9128535793870771,0.9659768370735085,1.0833319168569053,1.0867382804628796,0.997075784233981,0.9029714341789528,1.029887214593923,0.9916422375422224,0.91801092865542,1.0622634078199864,0.9962089190582852,1.0999625973979605,1.0924793278467977,0.9641519358526127,1.075287567125344,1.016969203557581,0.0,9.407669918593735e-07,0.068491064175271,0.3215192762126632,0.5583318804296534,0.8361915111968188,1.6255069578839458,0.7902185527244606,3.89071548549755,0.3214723194120219,0.7259563510761388,0.005997195327257306,0.029711956735931657,-0.1490850911784856,-0.031727080121763444,-0.13486959862782724,-0.014284737725251425,0.0056798427842898675,0.06549906419524416,0.06479536487807318,-0.09702759316526943,-0.005016249651548083,0.13506606549536201,-0.14304999862741308,0.029380238063359473,0.03332014249581502,0.020921507919671116,0.047126434178708175,0.004776855730131159,-0.09682899833098511,0.025827203341548158,-0.02915558601322093,0.005730601270172964,0.04652412530786188,0.005844002592711143,0.00479981661577149
9,0.9012188107531491,0.9760367224774695,1.046776991693081,1.0319300180002038,0.5143648749073184,0.9064087952674869,0.9136399803389568,1.0111968445737218,1.0357074381591511,1.0788108482883187,0.9943777268691005,1.0358592605187538,0.9450011366495781,1.037515365090505,1.0127204382260286,1.0251163830684544,0.9455878687075032,1.0949062547909847,1.0126012926216548,1.0774394822889537,1.0633152688512089,1.071802429228252,0.9853917843116596,0.0,9.397791022865983e-07,0.07681236924573202,0.33586910312700385,0.5649760947561898,0.7437255048883823,1.6448058555049354,0.8088310950898364,3.6356516726880566,0.31664141305340293,0.6040410506509885,0.0059953062546247125,0.02679767871250602,-0.17519385637973636,-0.028300933120056715,-0.13316730697540627,-0.0115497668821657,0.0033636310458354697,0.0678148673817321,0.061354466736266426,-0.09802698594198372,-0.005712030069977497,0.12763997682194436,-0.1519211970307506,0.032472113603322215,0.03191194814905034,0.020558122011141298,0.04315930781572614,0.004241875429600285,-0.08330501465284813,0.022682693715742615,-0.027357617476554436,0.00535759343552228,0.04364158408259447,0.004981912579232684,0.00446229018519136
10,0.9374652734139561,1.0960504658300074,0.9133541226450235,0.9755383369372459,1.538006973237886,1.0304010143414901,1.0180235998730989,0.9960018651771027,0.9255432074908148,0.9413793533484144,1.095012284834412,1.0039914345090344,1.086927923981849,0.9304443984962096,1.0666129324424352,1.0355827001432143,1.0373997285847834,1.00882804514574,0.9644395489414529,1.0117162128917343,0.9032639593106082,0.9030843438407999,1.0519598057854682,0.0,1.0614423441374501e-06,0.06757667950040107,0.32234458861482,0.5626738467937465,0.803852662979479,1.5374691008257502,0.7843578184391476,4.1790770273944755,0.2666393813477654,0.6989304133332092,0.006101349271989998,0.029345410383801136,-0.15767476949087383,-0.03046924285067339,-0.11896017289124047,-0.0114304874738357,0.007369254218789854,0.07803657831437458,0.0638178491251459,-0.10927922985271375,-0.004804803105531483,0.10880049901293976,-0.141546247859277,0.02765053898113358,0.029412298023625584,0.019668990185987983,0.04095197285820406,0.004340882144530919,-0.08299847883531214,0.022846304909473706,-0.0269389413219797,0.0057763850173526594,0.043286878189594195,0.005450034215784982,0.004416716645217145
11,1.060392843823715,0.902025266054587,1.0690133287024302,1.041653858874986,1.0305993266119382,0.5147171910871168,0.9500373843265661,0.995684226725843,1.0032951243074375,1.0830319711156624,1.0238118394987743,1.0787613859730563,0.9475547389166618,0.9319215985531786,1.0301022426156103,1.0222998623290724,0.9030890827392085,1.0910875493896564,1.0361728680932234,1.011269000560649,0.9200050624013232,0.9957559519941572,1.0854185357608834,0.0,1.0942794075347128e-06,0.07184768907190013,0.3888076841098551,0.6716915337514182,0.9792601014842038,1.5394060671483498,1.0343795721701365,4.703722158123994,0.3582875578402957,0.6813800366981398,0.006784143529619802,0.03904958689334146,-0.1847036904299972,-0.04236526754530006,-0.14692166977156976,-0.018215315379751563,0.012042232710924985,0.05927815801783965,0.08321766574931005,-0.12981434674035972,-0.00430946023999183,0.13281971957600336,-0.15234511394570008,0.02723929648315379,0.04482211261665963,0.01623474938366092,0.04817192889108189,0.006277490563467946,-0.11344593107459106,0.02412728906857524,-0.034161367581159834,0.005991494780481544,0.0454967794180137,0.005602759952677804,0.006569356298137067
12,0.9375704504222241,1.058158438877426,0.9376687268995992,1.039094727121456,0.9924107378488182,1.4086377159269912,0.9625966451230649,0.9405848350589234,1.0076217660051403,1.0859005038999892,1.0227586165595197,1.0980664904287423,1.050745659091926,0.9687044214206119,0.9503450624167898,0.9377985609053984,1.0019492659071891,1.016436116202358,0.9581878304343395,1.0748062597836856,1.0178055496454528,0.9159987255268032,0.9060736960599499,0.0,1.0363812143451092e-06,0.07098219149559466,0.2961172765860814,0.5952798792761859,0.7139607081059842,1.6240237357933804,0.7160753538856707,3.5181745175488954,0.263718098532622,0.6204060650862739,0.005818755054807827,0.023923447670300104,-0.13994141968463233,-0.02217392804739977,-0.11199098832497525,-0.009330136076812852,0.003181614154175348,0.07430681142792708,0.058863731704001825,-0.09112708536576523,-0.005188845339595256,0.12117141504105576,-0.12448578310670384,0.03043655820024065,0.025316061890544275,0.0209650097517338,0.03929189203738278,0.0035932001865179764,-0.0766442203918882,0.028133988887660954,-0.028088267782408284,0.004999389017581308,0.04472351065318505,0.004675775661701238,0.003527619211100387
13,1.0272038829647092,0.9275174859074351,1.0150112301643195,0.9073589733285883,0.9664904421949266,0.9146577115425676,0.5418696836407219,1.0942333722382027,1.0760473201036582,1.009308576093912,0.9815282749419962,1.0144213167285885,0.9863342467112393,0.98356299052656,1.0931604169768618,0.9356066478099384,0.9190629912228995,0.901037845880625,1.0432694640224034,1.0909929355568366,1.0453844555505243,1.0449032377626761,1.0424592535554558,0.0,1.0433225257698501e-06,0.0735925631241286,0.3207642511643692,0.6827895548702849,0.7821045543403665,1.6272909644360412,0.8763930425883983,3.7800557092644462,0.27553003667192244,0.7337791658468695,0.007096396560689284,0.028407297683577134,-0.16482630738514767,-0.028222350386254577,-0.1188017476980586,-0.013076693712315299,0.006662229385327311,0.07374270062931623,0.059550225559916674,-0.10495862781246693,-0.004627915309901447,0.1153982296236072,-0.14025532294864734,0.03052091188755678,0.03289974813646034,0.0234464633517011,0.04316807572879913,0.004558130121895458,-0.0932516095759287,0.025961808159579138,-0.03242709109176271,0.005937507235719612,0.044364844006106643,0.005444074065694582,0.005025829828969842
14,1.0281260474679104,0.9235893494537363,1.0327792709237442,0.9585345712135219,1.0589073980898385,1.0405518504632931,1.5855549632476884,1.0739692092298572,0.9897033587857831,1.0715807665804662,0.9980657512537258,1.0930318772289742,0.960904543486485,1.0306107655058123,1.0457698552092547,0.9312157188068881,1.0706579695186895,0.904115968522929,1.067258503080749,0.9932223473649145,1.0938639378335422,1.0370300606347875,0.9464670097134336,0.0,9.499464507501472e-07,0.07133676826117899,0.3084591459499747,0.5785577906730528,0.7361502608228668,1.5483144454855704,0.7399735391119322,3.966142582489726,0.3140816315893727,0.6712772265589078,0.006165939069762355,0.030961594966298366,-0.1692727397753365,-0.02832672769632044,-0.11957954788484253,-0.012761434776945078,0.005395176918973679,0.07371091943822553,0.06871556308065152,-0.09682320971499256,-0.0056576056237907435,0.1224708612758536,-0.14855642602305177,0.030901132512316958,0.034241317077829694,0.02071393245574481,0.0471129201610871,0.0040506965685223025,-0.09834513050790131,0.02478601864138894,-0.029504665669993102,0.0046728372525238785,0.045419115779670984,0.004780722716690506,0.004756911218935923
15,1.057313305158658,0.9011334700230047,0.9103254603480222,1.0706366006741395,0.9069469171295285,1.0368061973730673,1.0899646285293925,0.5277240653939144,1.0816448492602782,1.0956568698327662,1.0629503621202805,1.0093807075878785,0.927765456096293,1.0467748373853416,1.0809352822995588,0.9730809544851015,0.9751773277064731,1.0685393649223118,1.015072334878946,0.9230271093228827,0.9907871455802655,0.9891738455120818,1.0672565039133086,0.0,1.094904121375641e-06,0.06966033387313965,0.2836118560538001,0.47727518959298587,0.7132517464430519,1.5049481611175959,0.5620186245759382,3.0718333193912404,0.17599744116012275,0.48542611726326773,0.004076355716665901,0.010564738962101429,-0.13768774311303805,-0.020270192529709883,-0.1030224965728759,-0.006420769837554965,-0.001226735581534344,0.05812091069290248,0.04937267961938589,-0.04605828291334911,-5.848637027593859e-05,0.09323141555523451,-0.1088417936551925,0.012678568052574758,0.00908546125737164,0.014147713060554993,0.0180851181309209,0.0017330736324285196,-0.05000705718710659,0.02245122262455344,-0.020769914746134592,0.0035751255709089297,0.043910463174058195,0.0034711570348615883,0.0015332610439908526
16,0.987953543968263,1.04788014223262,0.9123199252516468,1.0486119150819733,1.0441914502333556,0.9274825321309543,0.9360723652002347,1.3917484826929205,1.0948722771820214,0.9187709338353951,1.007933736728918,0.9534226896021083,1.053835386548831,0.9793420088597516,0.9781764729134949,1.0909453451033313,1.0257235521672943,0.979743731905568,0.9615052697436836,1.0931471101585737,0.9014283276295677,0.9358528414575933,0.9382349819417269,0.0,9.454090449034384e-07,0.07775093262024757,0.391386173844488,0.643650471354306,0.7578064842322114,2.044685738813531,1.141026129784178,4.44610895478299,0.3850008776443041,0.8365175049960035,0.007935076416014384,0.05257783897495866,-0.18830227870970487,-0.0418022231609026,-0.15603613397095012,-0.015316991451417261,0.01418228168150426,0.09049021670187,0.07989704797885266,-0.1580801110819619,-0.01117380150620728,0.12910522917814948,-0.18340640847486772,0.041340516928543444,0.05556462044792732,0.02632255829983896,0.07352823872072294,0.00864127131190569,-0.12989956285553608,0.025927899020196085,-0.035838810541039004,0.006653171124982413,0.04279488292508487,0.006568503463695076,0.007868214715747614
17,1.0797491022468118,1.0739173715411945,1.0166153838225829,0.9278214071304788,1.0584661289090405,0.9371772528753446,0.9292436985222495,0.9929357061355859,0.5084405452990286,0.9978724871088829,0.9582450547718641,1.0642037233495645,0.9371013135851509,1.0807892700452826,0.9076754081882102,0.9352019492344986,1.0470639838506788,0.9202988949098981,1.0738760216282823,0.9939889791260814,1.0636750792248741,0.9330722343209249,0.9039870639045792,0.0,9.400549956643297e-07,0.06772804974961173,0.32509824959188893,0.6516999406389525,0.7690958108625644,1.568077597877505,0.8018936292236055,3.6525195497758407,0.26819743834776194,0.6653576672419198,0.006570511232050774,0.028149221628696573,-0.15056606546011683,-0.03179471126503401,-0.12239407319086859,-0.013039708098154147,0.005943712490846641,0.0758839300625714,0.06396981939709497,-0.09179949773584756,-0.0028348690745880383,0.11332183588906825,-0.15901396092469622,0.028024166089834303,0.03340595709639873,0.02163953627781617,0.04812148794557636,0.004429143512864685,-0.08630040847128534,0.027523785774533578,-0.0324584421239548,0.005349662634673801,0.04653492522115643,0.004888404558890096,0.004412170047425348
18,1.0974654889683004,1.0244529175003507,0.9968381289718105,0.918056157254037,0.9163719125464224,1.0840552000101447,0.9221192436318918,0.909755761977041,1.6137919478341793,0.9405353188184449,0.9544064642303638,0.9836787308493495,1.0079681662768343,1.0916690644509413,1.0240303273512221,0.9990365687617749,1.0395422635436278,1.0625627437358942,0.9814780976920143,1.0902886168459063,1.069827258474223,1.0177376611581368,1.0872589510863688,0.0,1.0406548356493414e-06,0.06485610106580057,0.3057074399545564,0.5945651220080738,0.8322413188715164,1.7031124994871407,0.746568445383057,3.6599112095448403,0.26145552379391185,0.7297097462545875,0.005853068032915776,0.028973039030906606,-0.14837097307907104,-0.03230284792290193,-0.13323212986496302,-0.011251656150439144,0.005865097630468736,0.07983588916817742,0.05904977582062165,-0.11114730980405661,-0.006619805118478469,0.1115940739766508,-0.1429037007181429,0.029635059510525256,0.034160090346508236,0.018705082452196806,0.04195147282703716,0.004721211888967443,-0.08872227937795707,0.026861750069698494,-0.02696042294841008,0.005652970332678167,0.046452881593163915,0.0054370600984754176,0.004556069070804514
19,1.0182586967996976,1.0581197309716566,1.0944479991979421,1.04363090708755,1.0307401691097349,1.0866233536075798,0.9492935649598174,1.0121332202875166,1.0373642447364064,0.5403081016101344,0.9089060651859358,0.9557649748138851,0.9632722507783638,0.9877085928049792,1.0151689520268046,1.0784568228662275,0.9004254854880407,1.0466214133912195,0.9350477859240426,1.036192541008467,1.011361514650563,0.964669197548863,1.0032972880699071,0.0,1.08585604280999e-06,0.07435077674743787,0.316231316324018,0.6516075176009095,0.7985126568195254,1.7302696646124225,0.7616235589082818,3.9147718801211324,0.3133971336197546,0.9300581763554538,0.006326521557336295,0.029307842445472018,-0.14658960384221578,-0.07283736668355723,-0.11100932950960735,-0.0033149093265263775,0.007082621349014897,0.062255795771290014,0.07622471307652015,-0.10597905372826456,-0.006532577833252345,0.08366586379478987,-0.14565616650178784,0.02270729570609035,0.02287030795803766,0.023699317237101575,0.04696947619101967,0.004735972579727042,-0.09006887358022458,0.026584125858428245,-0.028597646718480373,0.0057388874034687495,0.04976535697187418,0.005352239779995861,0.004871379614198568
20,1.0940069015515126,1.0903217875009439,0.9749346320982255,1.0970031296518004,1.0447577567904724,0.9574459820945835,1.0499352658878967,0.915824733997947,1.0488520776745613,1.4249942933616009,0.9611132880354035,0.9936999502886286,0.9717328264528601,0.9686218180590723,1.0530090961128629,0.9107317121849957,0.9049187122808098,0.9577386954761405,1.0742054408816377,1.0359459618973605,0.9905684461463742,1.015238723419334,1.0661290149340377,0.0,9.981950695110948e-07,0.07018710497013632,0.3649643055093349,0.5699008615986508,0.7389434891350204,1.4165401605473897,0.716976778055405,3.7514369747208125,0.28796418005372565,0.5733039471055796,0.006028522831535862,0.030556022134114933,-0.17460981649190815,-0.01105860068546031,-0.12907934845331773,-0.017033919436962825,0.005053699975421661,0.08178218296119993,0.05631405494323614,-0.09933815303336198,-0.004683648084270514,0.12960488466014686,-0.14756239759973303,0.03153094676963272,0.03765665654213464,0.019280487529216586,0.042551825026752116,0.004649013864795259,-0.09399711432226925,0.024169858289793796,-0.028331610897280625,0.004974349376251438,0.04290833623095851,0.0054680849124798874,0.0042312625802125815
21,0.9774771005651363,1.0874636331543577,1.0577063241987807,1.0781864732883717,1.007320874374543,1.0009151434993067,1.096500376739425,1.074103986930667,0.9076546632811671,0.9596069059345443,0.47580096867714433,1.053950673435879,0.9670674959022905,1.0272021003684713,0.9146522663392731,0.9845788866886518,1.0874825623944007,0.9033655566603774,0.9972518658930823,1.067940732240974,0.9285474608199291,0.9332428143974614,1.0408073747209357,0.0,9.869432876213044e-07,0.0761992160292313,0.28679122496717,0.6714842319377269,0.6215792700493483,1.786069858776236,0.7084672316259708,3.41086486727357,0.2807010009946114,0.5673747085103414,0.005848524280243648,0.026169038192690872,-0.15104677995448296,-0.023038311298293826,-0.10425223397139019,-0.01318975610921089,0.017660291385904792,0.06166996277704115,0.054496734100425666,-0.08155689465899969,-0.00524648788743204,0.11282293459088076,-0.09367472026957653,0.03314860333552906,0.02858322017949246,0.02163914605256322,0.03377252587635884,0.004139069163743074,-0.07485570257406782,0.02537724874224247,-0.027317319710326544,0.004756098252455701,0.048931067436731875,0.005026689658285383,0.0038765736630271127
22,0.9730462473466008,1.0083131322318064,1.0849867290058042,0.9676846760173435,0.9321027935434639,0.9521300000669584,0.911553364106602,0.9096391567557361,0.9144434280650604,0.9861560087290665,1.3599225566453585,1.0029252729541407,0.9560787013071604,0.9028385827376627,1.0567887387268253,0.9502759968722799,0.952635349912688,0.9016277568501894,0.9662529968729607,0.9473061391313238,1.0675992527515539,0.9575947891625941,0.9647558177720297,0.0,1.0689569593064157e-06,0.06833900553963161,0.34156750385887547,0.607582705162737,0.8766683120608293,1.7476865965789503,0.8516937589383391,4.1427370128659815,0.320800681498552,0.7414072954447647,0.005979584999682518,0.03463611346404571,-0.16763984707847243,-0.036651905040929855,-0.12387087664573425,-0.011951670160552832,-0.0008293677768948478,0.07344077961694163,0.06957557073385637,-0.11222243270345895,-0.005112603328826948,0.1351896330259723,-0.16623303237501708,0.025032537597769754,0.035031031326426695,0.01842415809299233,0.05100889585333756,0.004648182562252084,-0.09048346313521342,0.0238985323115351,-0.03355995234512854,0.005039012785506479,0.043241141645498436,0.0056141994093569115,0.005489988467141464
23,1.0717207198256342,1.0597000701538106,1.0504828133768807,1.000796976568174,1.0814261399730793,0.9783483786590584,1.0119592726877407,0.9146347352570832,1.0912299216793426,1.0871502410837874,0.9712328341663141,0.45992023347168276,0.9612349646005289,1.0503811774016503,0.9701913311843445,1.05936591454003,0.9305433101021544,1.0891495190422285,1.0363555336516954,1.057332029720594,1.0903215961363757,0.9847743793722071,1.0691322653663842,0.0,9.748356436303098e-07,0.07280991136403242,0.31065933675748797,0.5709692856563737,0.7969861810395403,1.668308211526917,0.8197128186514192,3.715402179137438,0.30858226445539416,0.6087974698651328,0.006879140422846983,0.029349786115697416,-0.15048284475871843,-0.029242055012032843,-0.1076449112034547,-0.013749365588611406,0.006527968953410133,0.06789799849408765,0.05695536263920886,-0.10782926115129778,-0.00452975288740534,0.12089425745290311,-0.13610534896175663,0.017689603966325983,0.036251785910727315,0.019580757886865318,0.041524559615050444,0.004244101735912034,-0.0880313795762593,0.02262603769439431,-0.029882041248117712,0.005666790308059275,0.04500421958105902,0.0051294269687689655,0.004216405486119365
24,1.0073766911102702,0.9025185598056967,0.954730739548234,1.057421679892098,1.0501567319757654,0.9408017379200021,1.0642767102023234,0.9325672223007209,0.9930792212145507,1.0513608198804996,0.9025915817748337,1.4903734305169616,1.0093245443003134,0.9377932475914169,1.0486695550588723,0.9066744103363881,0.9657193426697802,0.9011103012035332,1.021986888368386,0.9714637573750564,0.9010546255252543,1.019574626660159,0.9693310211467732,0.0,9.334116799040026e-07,0.07484055744280879,0.29615358099260386,0.6051417570468244,0.7857166342249623,1.531406584193737,0.766760919605138,3.7992195572145677,0.294580248343016,0.6945697209024962,0.0065870979407875,0.02963155525790683,-0.16673374740582972,-0.033309940445795105,-0.12386335332381795,-0.01182083874520737,0.005979510234802998,0.0703576443700014,0.07073559060556323,-0.10372538977332282,-0.00590175434503473,0.12300602917625192,-0.14253777415032037,0.03616258633961757,0.029768819312216106,0.01952808367300585,0.04695853600203505,0.004273756458053528,-0.09907483229166222,0.022706344553553755,-0.030133772805105635,0.005007828381776349,0.043929294815009665,0.005553726117697333,0.004548704026138015
25,1.080731355752038,0.9412395117238407,1.0164993772056972,1.0906755176111274,1.094736067862714,0.9706121271781151,1.050129312433024,1.084529574261808,1.0715501563140177,0.9499353081503066,1.0509548700877087,0.9460506608117042,0.47414501548289856,1.047555815815705,1.0439765865893766,0.9319144612595754,0.9887596111057784,1.0201942151907377,0.9281122914696883,0.9260529944973626,1.0012456115006414,0.912212322634914,1.0983273889114353,0.0,1.039263396679084e-06,0.06766997301395503,0.31738046552369104,0.6811663356947116,0.8461334825853241,1.738285816422899,0.858075048025279,3.718094156420282,0.3223868118539213,0.7162232668813633,0.006185864278263714,0.0324477798142827,-0.15623976510653959,-0.029024525696296384,-0.13399386877792369,-0.012204917230471294,0.008093475029647,0.08066593149646031,0.07259658217640645,-0.10642684513533074,-0.004256169812061104,0.12638575209459663,-0.16721949903909025,0.039267657520000054,0.019958691971401675,0.019835088659237745,0.04255777972452032,0.004890328229638704,-0.08811501855036523,0.024795648590249526,-0.031580040611746615,0.005663568501142978,0.04250560966179195,0.006172052257652573,0.00452848448709485
26,1.0486049120824552,1.0006132027594075,0.9112641437000744,0.920820294126995,0.9124575264425857,0.959758435264649,0.9702599135047243,0.9526054624728106,0.922078369849102,1.0213744707847803,0.9121543629332385,0.9812438837115599,1.5817864141976898,1.0955084241652753,0.951129009111504,0.9441829359503366,0.9537045243327363,1.0306099070158248,0.9274990048388384,0.9685726089300919,0.9387845018342861,1.098843565269394,1.0813098759958368,0.0,1.0546479473657139e-06,0.07278271463014059,0.33036713907867293,0.6277288804838477,0.8592862016368562,1.5341320636207687,0.7975148158363345,4.0364887552309705,0.29586508732917083,0.712001080907005,0.005412034786309833,0.028285693622251588,-0.15215499233759225,-0.03219923904458914,-0.12054836247562403,-0.011659694449697411,0.004574254555094765,0.06414609881882495,0.06813022689496367,-0.10323210194661929,-0.006188620203321543,0.11927228065833871,-0.13604615122393268,0.02330884411153048,0.035310098510004564,0.01899055384129265,0.0431007851749208,0.004255981749436576,-0.09775037409635445,0.024131368998401563,-0.031728742485502955,0.005296716076347688,0.043812613520811915,0.005054414426941793,0.0043619730247764985
27,0.9396923066236504,0.9998937917263843,1.016731666413513,1.0086713377551444,1.0781062010797704,1.0535212382971553,1.0817964858575608,0.9897216124265312,1.0091265151331468,0.9537341459431682,0.9953152208493917,0.938375057231094,1.059658032786729,0.5055651409278068,1.0004181571631452,0.9137607287678549,1.0993579702403316,0.9320375038643723,0.902351336703594,0.9089389077770416,1.0664437960799458,1.0712344390234423,1.0638700818095534,0.0,1.0880270317957552e-06,0.07665477710266917,0.30694786937368657,0.6062474847941417,0.7871120229308337,1.8292653541460255,0.7456179420769596,3.707579887405815,0.2846283072862888,0.6204141485730161,0.005801136677668893,0.029806479671875007,-0.14660458130452172,-0.026194540857065747,-0.12579352318406156,-0.011043912836555996,0.007040222880502643,0.06930118712824063,0.05892489512706608,-0.09052677934140574,-0.00541907983724465,0.13083947482092984,-0.14604848254226324,0.031050272497952495,0.031638811523170385,0.011123823768804362,0.04745086327629181,0.0048082443761703385,-0.0804775022965578,0.02384353225462091,-0.027421548126427157,0.005704044746984603,0.047924898640980915,0.005700229255029194,0.004287759091831483
28,0.9875750893981025,1.00358497907317,0.9137515211146767,0.9903925691446891,0.9421740437195338,1.0903149393798253,1.0384634777567152,1.0259868259070588,1.0791275181019166,0.9243754372409065,0.9830998309513342,0.9219071419651406,0.9555592522568686,1.558759970929295,0.9038268530336572,1.017339494602441,1.072113628979431,1.0290137874541758,0.942589847176335,0.931263408914633,1.047810680994218,1.0112735862330005,0.9457463225354615,0.0,1.0324387019445414e-06,0.0723126255503252,0.30078261487235036,0.6701765019168221,0.8113787169303626,1.6055922705000738,0.8295332876958089,3.812458695008795,0.31769493682641453,0.6365618052397946,0.005665932673638366,0.03126500531787826,-0.16232668153351415,-0.03416554541061571,-0.11771087521677483,-0.01408106810858907,0.005833297539763653,0.08200047179650587,0.0651959717728771,-0.1035000173587828,-0.004915772362538184,0.11372924036601126,-0.13193037246168257,0.02861883544188367,0.03499403243793689,0.027812774807204853,0.04915663915306288,0.004227009612068656,-0.09337335324570167,0.0254503141862826,-0.03202495065484926,0.005394340323242002,0.042420667433726265,0.005600647006646076,0.004588161284601078
29,0.9952077886724091,1.0853614218604415,0.9036354200717294,1.0288557774605809,0.9106620050738229,0.9372246795279376,1.0566092827309108,1.0214713094252774,0.9142100806213467,1.0218971772103405,1.022846858244258,1.0715165600281513,1.0692213699341437,1.0527887463057592,0.5248897190003283,0.9194529042544206,0.9605627515142269,0.9894006402710673,1.017663562294473,1.054820321595225,1.0252093726849592,1.0924581619686582,0.9560116108835316,0.0,9.229843479678306e-07,0.06501957995271514,0.3146275860289319,0.5980146179651886,0.7521910695104306,1.6528928972723944,1.047542206266622,4.56873753746437,0.3178514639275995,0.6680334849548125,0.007483554557950484,0.034949752057688306,-0.15884048419192506,-0.03449232751487084,-0.1453736036493065,-0.017383873908861747,0.005793782291672906,0.0720862836493398,0.07592608965645069,-0.10238036325580543,-0.005695994281800759,0.1399556261896022,-0.14775703836057347,0.031199979582408232,0.03453990818561549,0.023824823722166415,0.03150736228380923,0.005489780368872394,-0.09838605972195251,0.02742049087041621,-0.03467141171721067,0.006100653309211985,0.04458904029750348,0.0054627522482039855,0.0063188307892528784
30,0.9915294625907352,0.9738743630757888,1.0474657858735321,1.05519864436845,1.0702397193276583,1.0028334677697084,0.9561906259058452,0.9510816705729402,0.9586767822596691,0.9336583793904021,1.0441033424461008,1.0074416968394753,1.0899358035138447,1.0679921185836543,1.474901747105691,1.0015560175505767,0.9738348212403312,0.9198776880251859,1.045607077397082,0.9491490651418857,1.062580550981178,0.9037534201693255,0.9667762755737606,0.0,9.87894599923288e-07,0.06985952803382399,0.3060400147661133,0.6308529270709472,0.7961565603111933,1.6252349398646406,0.6626137952201696,3.3893057176862693,0.2746922990424269,0.663873224913816,0.006148960459275849,0.023114900180352265,-0.14606467396467046,-0.02601265057905459,-0.10552246696666455,-0.009366932471926812,0.005777972313328858,0.07329841481371269,0.05935950898170691,-0.10254660161416622,-0.004568177555050487,0.1184333703352427,-0.1582306947905087,0.03055618758088555,0.026819161093827763,0.018470728997458552,0.053192814902763806,0.0041603544445297175,-0.08504600591350087,0.02265309970630792,-0.026496276458691244,0.005361241677207768,0.046414821146386315,0.005258570531654916,0.0036477957768885484
31,0.999031715371376,0.9725206215950292,0.9812818412451418,0.9320917231103406,1.038204958783822,0.9802806064415196,1.0806620204692572,0.9366074154111239,0.9070134899240876,0.9670360518420646,0.9923818193162904,1.0307699353346824,0.9647025304087856,0.9267075579234153,0.9869375769500516,0.5107641805740125,0.9304790959355391,1.0171775115983095,1.0816725241551441,1.0793229036188121,1.0392774353360554,0.9349534904724571,0.9071196888991468,0.0,9.522168182552861e-07,0.06399434043512355,0.31359770452862257,0.5816600508433475,0.764230111699672,1.7089222015503926,0.8240539308591819,4.023917214760546,0.30356706735776984,0.7465926381674329,0.006803625305431945,0.019779353940778725,-0.1694142401277452,-0.03364752771921142,-0.11241958360664976,-0.012398169684731784,0.006090874244309982,0.07651011378174563,0.06540765839919538,-0.10086084613603917,-0.005565188284190771,0.1225931656955037,-0.16145087612753592,0.029571308577229782,0.034759081755902844,0.022248206654978786,0.05038669480480158,0.002856005465960246,-0.10179573950800769,0.0258969184538821,-0.03152024387519123,0.004912753446986223,0.04647128827837148,0.005395107116989711,0.002898278350928714
32,0.9090602600863289,1.0364339486138612,1.0968125013690369,1.0208286704495433,1.0467013711894462,1.0483190380785419,1.0906520414184429,1.0509372257169245,0.9663740412615457,0.9876610902590198,1.0386082953937352,1.029682164335423,1.0202405719113872,1.0710927133880797,1.0792703149863898,1.434410709865801,1.007891358428381,0.9698238810761504,0.9842695811626545,0.981463696566178,1.0467568666996216,1.0538620984961493,0.9338776409908186,0.0,9.389391281548056e-07,0.06751134516015529,0.33568769641129403,0.5512872966704139,0.8404611459150454,1.5560245835263988,0.7971193357268892,3.896784126277614,0.30070352163939196,0.6495188511065324,0.005803451038471616,0.03238255352500891,-0.16653028299073142,-0.031503725059733666,-0.1092598948202716,-0.011513625318733867,0.005285056559378612,0.07025528161871605,0.06237507686729874,-0.10802049554988667,-0.005281956492256355,0.12313693985245366,-0.1544837552932706,0.026619381968439087,0.03284398941190589,0.020962570549166528,0.04598676213689735,0.00587875665426802,-0.09699285351448297,0.023793569480830556,-0.026589755128333246,0.0048994294724879405,0.041672544746405214,0.005320581785715952,0.005456132408599152
33,1.0547747789993291,1.071058249798508,1.0885237627444107,0.9661642741535633,1.0449463339864427,1.047662979595808,1.076424889075592,0.9284134000868955,1.0037038501982578,1.0769288237233743,0.9773261113577086,1.059214689866693,0.9539563383066091,1.0125261615201622,1.0134006404633864,0.9920392373098729,0.4903072900792619,0.9469614287286413,1.0758659122938683,0.9899193610748767,1.097846171647601,0.9336593442056728,1.046948125488986,0.0,1.06417024181107e-06,0.06423216450496036,0.351204724998956,0.6595885284862212,0.7920665609146977,1.616599417337344,0.7072335651632298,4.154300930152092,0.4175107082169715,0.6601656380258395,0.006639466522396585,0.039374570736203866,-0.15077228296137046,-0.029024030702289014,-0.10973328673050936,-0.009026863806361302,0.004879294795879065,0.07508427294075565,0.0645046758001176,-0.10280062181934832,-0.0145599811683395,0.1277960061948719,-0.15272162440955156,0.0262954121582852,0.034437429165313956,0.020098449181744457,0.036373483883458284,0.006276440425472881,-0.0729106135628054,0.02216079455933067,-0.029570497962249503,0.004826004066554336,0.0463947515797125,0.0052870558331926725,0.005781534706857854
34,1.0589972181109393,0.9630665976811352,0.9856426760794958,1.0580350063856365,0.9782126534539795,1.0417035022806986,0.9168527195891306,0.9638694027490714,1.0537864908983856,1.096846755594462,1.013382481482093,1.0112557070070918,0.9075147552695879,0.931485256457867,0.9516777296576874,0.98772845783566,1.4629721678936087,0.919592257595755,1.003638555823027,0.9699582289479087,0.9026732502195481,1.0464665412800738,0.973137885167891,0.0,1.065841466179062e-06,0.07377552281994704,0.3151937418356942,0.6234714115502183,0.751679739500347,1.504389522129462,0.7837618418330599,4.119938716227203,0.23733025357496795,0.7036464714471696,0.005914074808792209,0.025121032320175377,-0.16741624156046958,-0.028082829554600588,-0.13104681005553642,-0.014344611602117176,0.007049311904947523,0.07102908186931775,0.068377512076811,-0.1107012515736292,-0.001736071746613388,0.11802372435750909,-0.15547711166085773,0.03229270875097666,0.030723223786941728,0.022473204291876502,0.047404034851742535,0.003997795254025026,-0.10114130223576805,0.02510020291045137,-0.03231788168976197,0.005462980793467608,0.04870939983536812,0.005726111532697676,0.0038073794904339387
35,0.9549552722264427,0.9703895317278068,0.9039595410963116,1.0667445057715863,1.0158940028154282,0.9749816825155595,0.9242755514938288,1.066364018598787,1.0079184433813522,1.0759911930214598,1.007317341444502,1.0094244065799627,0.9232553050074652,0.9279795396437414,0.9825125757463391,0.9005360941516097,1.0816918545736476,0.5306505838223193,0.9340539251222874,1.0153360641151032,0.9044945177803939,0.9715782299914043,1.0956993112435574,0.0,9.789146665761532e-07,0.06974233818160827,0.3132281682838402,0.6355206847186472,0.7950391346265775,1.5299472413715556,0.7404123262146468,4.383608110319958,0.28992949542456975,0.6497746201648616,0.006151611431436106,0.030143041892780137,-0.1572688560806341,-0.027512489851022896,-0.12365211479770727,-0.010135427394653979,0.0053602943645808905,0.06430619883003345,0.06997326906632732,-0.09188948886817533,-0.005299072359631467,0.12403555857150628,-0.1339832314894661,0.028918891779802707,0.032543233741655575,0.02199760377702024,0.04650409135479256,0.004622736103302813,-0.08548058992190234,0.011923964069016567,-0.027968045830898677,0.004905708524559581,0.04604914394624921,0.005781280869439569,0.004734845212452036
36,1.0508432923724271,0.9926411473669566,0.953664185200683,1.0516073559327217,0.9210257641444511,0.9267493921260059,0.9679956707130061,1.0021492997851227,1.0977091617013852,0.9938920197090864,1.0819662556482457,1.0915582825494095,1.017587419406614,1.0125776434441336,0.9543037250592904,1.0564544634968829,1.0911103392186563,1.4765599377891905,1.0048385861932485,0.9974441312603679,0.9004788403049844,1.0022718466160443,0.9272826894037605,0.0,1.063300497227833e-06,0.07714023276557108,0.3039382026886668,0.6007163554966999,0.7995749463667714,1.461480464961958,0.8176789255553801,3.932974616447383,0.29570774096875735,0.720075011984012,0.00562665011781916,0.030531933659319017,-0.15814773555693853,-0.033509325204139274,-0.11877101421960513,-0.01581670801504237,0.007500127263957591,0.06943849516011474,0.06449230289320622,-0.10768139219012514,-0.005234607169879279,0.12229237467322157,-0.15637336428138893,0.02999477228755589,0.029009888194065993,0.0191016474424613,0.04482301653940132,0.004503985736417986,-0.10158427195900242,0.03450734864065716,-0.03106077476011762,0.005354879538250925,0.045409695775915394,0.0055665017220931454,0.004179641233518817
37,0.9818474401713729,0.9763918878954851,1.0172856675923934,1.0034581740675723,1.03616934657362,0.9345734230060253,0.9224284694541705,1.038546838892841,0.9043338724297846,1.0827056610058332,0.9840190903255611,0.9343774685126679,1.000281489300144,1.0319211503306231,0.9040449426775559,1.0193099686031843,1.0100035270440044,1.063100036190909,0.5453398334510424,1.0033030324287031,0.9188562260211579,1.0879111709448759,1.0190360263302995,0.0,1.0361963932828616e-06,0.07155819691496464,0.2904216118350848,0.5665264362434892,0.7403000691178129,1.7288643413223872,0.8460833656948751,3.7753509374072873,0.28248716133925555,0.6011886527091076,0.005811247958157667,0.02896036957676405,-0.14988971718832853,-0.023072571482490152,-0.12291296918494309,-0.017715222253009567,0.006776982239788357,0.07574506752932257,0.0657031771743098,-0.09804388746104827,-0.0056553237498074855,0.11853527871497703,-0.141788025525043,0.028138455775040448,0.027595284619397985,0.020132073400406243,0.048378970042264866,0.004971029202201018,-0.09514244881540147,0.025629199830070063,-0.015955820967465586,0.004868526669272849,0.046744116774665063,0.0056534882542039104,0.004963030197811572
38,0.9523708217143375,0.9044637779779334,1.0051889847674704,0.9619186818508672,0.9842651100481006,0.9168610667278215,0.9796844254499215,0.9927269340206515,0.998011269955412,0.9559735382269287,1.0356089610286183,0.9995811761982906,1.0808177358019617,1.0797728242304496,1.0674390282027124,0.9862571944060703,0.9949141512900739,1.0900716727069915,1.4852377477677328,0.9152908580061607,1.0954452636409209,1.0521589844512211,1.031231972351449,0.0,9.020870726918467e-07,0.06619815591263634,0.33698886726667104,0.5517108980500318,0.7649423305414152,1.5066281570996751,0.8286863732613331,3.952867025618711,0.31487344816793783,0.7559807564141598,0.0063444529804892414,0.02679730492935286,-0.1650277199118991,-0.03289213556774236,-0.11713892733746291,-0.008340220737363731,0.00538993929603772,0.07975452113120744,0.07072771522270804,-0.10334559458725441,-0.004086834304401028,0.13011912444807203,-0.13011036034386284,0.032978365337546126,0.038980773482062844,0.01945251306221454,0.03713852457103405,0.003999374888242485,-0.10052266300007924,0.023233267184415426,-0.04187749205986305,0.005058265442630979,0.04256535938655251,0.0052537080944106175,0.004073442768575105
39,1.0847529052030487,1.0591991031825112,0.9238030306432151,0.975401531579778,1.0495470505826177,0.9543323666313834,1.0300002237228973,1.01526520960033,1.0291999898441546,1.0040098207677495,1.0596514059427256,0.9444398590266904,0.9600135778438703,0.9471453583958939,0.9641204806671739,0.9203031891677415,0.9291413711074537,1.054308018548709,0.9359191947962873,0.45516881531565057,1.047557252726543,0.9168195962564871,0.916152759267222,0.0,9.410662949679131e-07,0.07370680318655277,0.310228779809703,0.6361477092649109,0.7160494944758105,1.733196305517166,0.7477831391579014,4.105232345970504,0.29690078518669855,0.7050401402869116,0.0032104974325511157,0.027454996686508432,-0.1677037639648897,-0.029514283587664975,-0.1324343308441741,-0.01246760439898626,0.006123477036411604,0.07443822025332242,0.06571125028041963,-0.0989224279966711,-0.005379163132137346,0.1152912583194035,-0.1320101254175261,0.030728203363163672,0.03520193925797348,0.022154730304122742,0.04567863430247663,0.004505966771183542,-0.09144582341393052,0.024032789324341143,-0.03112055677376078,0.0026842826991956806,0.049745924842645395,0.0029513086137054195,0.004390120433232968
40,0.9267725972746722,0.9041844190213372,1.0022913463898369,1.0615271995582223,0.9159060611850459,1.0273143810664287,0.9157734905340679,1.0671430539117954,1.0775891625236937,1.0286465917456693,1.0371767849392417,0.9671784194047699,0.9829425486371111,1.0270956748455962,0.9834398021326396,1.0927937882820933,0.9829296406601304,0.987979449456228,1.0079768625001189,1.6177004569924742,1.038165221943814,1.0616295728536336,0.9466051188491863,0.0,1.052764394634798e-06,0.07431889697112906,0.3157956342639814,0.588642652585555,0.8276204290136555,1.5967038113996435,0.7495298420469221,3.6818125309284753,0.29994857469447156,0.714079474713475,0.008965211507089026,0.030255562124664414,-0.17023871935942592,-0.03139939457908436,-0.13228529659284685,-0.013574250182695933,0.0055945582656686775,0.0666422856555288,0.05849600457394282,-0.10596736222037849,-0.005143971265992116,0.1100497217890265,-0.14848504617385525,0.02595037049721948,0.030652115348787926,0.01785376659897897,0.04075548539751299,0.0044995650395479305,-0.08900057796435568,0.022442196320801355,-0.03185291468851831,0.006916569919755417,0.04584687747179354,0.008389630987430818,0.0043839571082497945
